Induced Coil Voltages at Rated Speed
Air-Gap Position (elec. degrees)
Voltage (V)
0	-0.000000
1	-0.092417
2	-0.185179
3	-0.278114
4	-0.370221
5	-0.459724
6	-0.544462
7	-0.622452
8	-0.692353
9	-0.753642
10	-0.806527
11	-0.851710
12	-0.890130
13	-0.922777
14	-0.950572
15	-0.974321
16	-0.994701
17	-1.012270
18	-1.027481
19	-1.040705
20	-1.052245
21	-1.062348
22	-1.071220
23	-1.079031
24	-1.085924
25	-1.092020
26	-1.097420
27	-1.102212
28	-1.106471
29	-1.110261
30	-1.113637
31	-1.116649
32	-1.119338
33	-1.121740
34	-1.123889
35	-1.125812
36	-1.127534
37	-1.129076
38	-1.130460
39	-1.131700
40	-1.132813
41	-1.133812
42	-1.134709
43	-1.135515
44	-1.136239
45	-1.136890
46	-1.137475
47	-1.138001
48	-1.138474
49	-1.138899
50	-1.139282
51	-1.139626
52	-1.139936
53	-1.140215
54	-1.140466
55	-1.140692
56	-1.140895
57	-1.141078
58	-1.141243
59	-1.141391
60	-1.141524
61	-1.141645
62	-1.141753
63	-1.141850
64	-1.141938
65	-1.142017
66	-1.142089
67	-1.142153
68	-1.142210
69	-1.142262
70	-1.142309
71	-1.142351
72	-1.142389
73	-1.142424
74	-1.142455
75	-1.142482
76	-1.142507
77	-1.142530
78	-1.142550
79	-1.142568
80	-1.142585
81	-1.142600
82	-1.142613
83	-1.142625
84	-1.142636
85	-1.142646
86	-1.142655
87	-1.142662
88	-1.142670
89	-1.142676
90	-1.142682
91	-1.142676
92	-1.142670
93	-1.142662
94	-1.142655
95	-1.142646
96	-1.142636
97	-1.142625
98	-1.142613
99	-1.142600
100	-1.142585
101	-1.142568
102	-1.142550
103	-1.142530
104	-1.142507
105	-1.142482
106	-1.142455
107	-1.142424
108	-1.142389
109	-1.142351
110	-1.142309
111	-1.142262
112	-1.142210
113	-1.142153
114	-1.142089
115	-1.142017
116	-1.141938
117	-1.141850
118	-1.141753
119	-1.141645
120	-1.141524
121	-1.141391
122	-1.141243
123	-1.141078
124	-1.140895
125	-1.140692
126	-1.140466
127	-1.140215
128	-1.139936
129	-1.139626
130	-1.139282
131	-1.138899
132	-1.138474
133	-1.138001
134	-1.137475
135	-1.136890
136	-1.136239
137	-1.135515
138	-1.134709
139	-1.133812
140	-1.132813
141	-1.131700
142	-1.130460
143	-1.129076
144	-1.127534
145	-1.125812
146	-1.123889
147	-1.121740
148	-1.119338
149	-1.116649
150	-1.113637
151	-1.110261
152	-1.106471
153	-1.102212
154	-1.097420
155	-1.092020
156	-1.085924
157	-1.079031
158	-1.071220
159	-1.062348
160	-1.052245
161	-1.040705
162	-1.027481
163	-1.012270
164	-0.994701
165	-0.974321
166	-0.950572
167	-0.922777
168	-0.890130
169	-0.851710
170	-0.806527
171	-0.753642
172	-0.692353
173	-0.622452
174	-0.544462
175	-0.459724
176	-0.370221
177	-0.278114
178	-0.185179
179	-0.092417
180	-0.000000
181	0.092417
182	0.185179
183	0.278114
184	0.370221
185	0.459724
186	0.544462
187	0.622452
188	0.692353
189	0.753642
190	0.806527
191	0.851710
192	0.890130
193	0.922777
194	0.950572
195	0.974321
196	0.994701
197	1.012270
198	1.027481
199	1.040705
200	1.052245
201	1.062348
202	1.071220
203	1.079031
204	1.085924
205	1.092020
206	1.097420
207	1.102212
208	1.106471
209	1.110261
210	1.113637
211	1.116649
212	1.119338
213	1.121740
214	1.123889
215	1.125812
216	1.127534
217	1.129076
218	1.130460
219	1.131700
220	1.132813
221	1.133812
222	1.134709
223	1.135515
224	1.136239
225	1.136890
226	1.137475
227	1.138001
228	1.138474
229	1.138899
230	1.139282
231	1.139626
232	1.139936
233	1.140215
234	1.140466
235	1.140692
236	1.140895
237	1.141078
238	1.141243
239	1.141391
240	1.141524
241	1.141645
242	1.141753
243	1.141850
244	1.141938
245	1.142017
246	1.142089
247	1.142153
248	1.142210
249	1.142262
250	1.142309
251	1.142351
252	1.142389
253	1.142424
254	1.142455
255	1.142482
256	1.142507
257	1.142530
258	1.142550
259	1.142568
260	1.142585
261	1.142600
262	1.142613
263	1.142625
264	1.142636
265	1.142646
266	1.142655
267	1.142662
268	1.142670
269	1.142676
270	1.142682
271	1.142676
272	1.142670
273	1.142662
274	1.142655
275	1.142646
276	1.142636
277	1.142625
278	1.142613
279	1.142600
280	1.142585
281	1.142568
282	1.142550
283	1.142530
284	1.142507
285	1.142482
286	1.142455
287	1.142424
288	1.142389
289	1.142351
290	1.142309
291	1.142262
292	1.142210
293	1.142153
294	1.142089
295	1.142017
296	1.141938
297	1.141850
298	1.141753
299	1.141645
300	1.141524
301	1.141391
302	1.141243
303	1.141078
304	1.140895
305	1.140692
306	1.140466
307	1.140215
308	1.139936
309	1.139626
310	1.139282
311	1.138899
312	1.138474
313	1.138001
314	1.137475
315	1.136890
316	1.136239
317	1.135515
318	1.134709
319	1.133812
320	1.132813
321	1.131700
322	1.130460
323	1.129076
324	1.127534
325	1.125812
326	1.123889
327	1.121740
328	1.119338
329	1.116649
330	1.113637
331	1.110261
332	1.106471
333	1.102212
334	1.097420
335	1.092020
336	1.085924
337	1.079031
338	1.071220
339	1.062348
340	1.052245
341	1.040705
342	1.027481
343	1.012270
344	0.994701
345	0.974321
346	0.950572
347	0.922777
348	0.890130
349	0.851710
350	0.806527
351	0.753642
352	0.692353
353	0.622452
354	0.544462
355	0.459724
356	0.370221
357	0.278114
358	0.185179
359	0.092417
360	0.000000
One-Conductor Voltage
0	1.113637
1	1.017843
2	0.921291
3	0.824098
4	0.727198
5	0.632295
6	0.541462
7	0.456579
8	0.378867
9	0.308707
10	0.245718
11	0.188995
12	0.137350
13	0.089493
14	0.044129
15	0.000000
16	-0.044129
17	-0.089493
18	-0.137350
19	-0.188995
20	-0.245718
21	-0.308707
22	-0.378867
23	-0.456579
24	-0.541462
25	-0.632295
26	-0.727198
27	-0.824098
28	-0.921291
29	-1.017843
30	-1.113637
31	-1.209066
32	-1.304517
33	-1.399854
34	-1.494110
35	-1.585536
36	-1.671995
37	-1.751529
38	-1.822812
39	-1.885342
40	-1.939340
41	-1.985522
42	-2.024840
43	-2.058292
44	-2.086812
45	-2.111211
46	-2.132176
47	-2.150271
48	-2.165955
49	-2.179605
50	-2.191527
51	-2.201975
52	-2.211156
53	-2.219246
54	-2.226390
55	-2.232711
56	-2.238315
57	-2.243290
58	-2.247713
59	-2.251651
60	-2.255162
61	-2.258294
62	-2.261091
63	-2.263591
64	-2.265827
65	-2.267829
66	-2.269622
67	-2.271229
68	-2.272670
69	-2.273962
70	-2.275122
71	-2.276164
72	-2.277099
73	-2.277939
74	-2.278694
75	-2.279372
76	-2.279982
77	-2.280531
78	-2.281024
79	-2.281468
80	-2.281867
81	-2.282226
82	-2.282549
83	-2.282840
84	-2.283102
85	-2.283337
86	-2.283549
87	-2.283740
88	-2.283912
89	-2.284067
90	-2.284206
91	-2.284321
92	-2.284423
93	-2.284513
94	-2.284593
95	-2.284663
96	-2.284724
97	-2.284778
98	-2.284823
99	-2.284862
100	-2.284894
101	-2.284920
102	-2.284940
103	-2.284954
104	-2.284962
105	-2.284965
106	-2.284962
107	-2.284954
108	-2.284940
109	-2.284920
110	-2.284894
111	-2.284862
112	-2.284823
113	-2.284778
114	-2.284724
115	-2.284663
116	-2.284593
117	-2.284513
118	-2.284423
119	-2.284321
120	-2.284206
121	-2.284067
122	-2.283912
123	-2.283740
124	-2.283549
125	-2.283337
126	-2.283102
127	-2.282840
128	-2.282549
129	-2.282226
130	-2.281867
131	-2.281468
132	-2.281024
133	-2.280531
134	-2.279982
135	-2.279372
136	-2.278694
137	-2.277939
138	-2.277099
139	-2.276164
140	-2.275122
141	-2.273962
142	-2.272670
143	-2.271229
144	-2.269622
145	-2.267829
146	-2.265827
147	-2.263591
148	-2.261091
149	-2.258294
150	-2.255162
151	-2.251651
152	-2.247713
153	-2.243290
154	-2.238315
155	-2.232711
156	-2.226390
157	-2.219246
158	-2.211156
159	-2.201975
160	-2.191527
161	-2.179605
162	-2.165955
163	-2.150271
164	-2.132176
165	-2.111211
166	-2.086812
167	-2.058292
168	-2.024840
169	-1.985522
170	-1.939340
171	-1.885342
172	-1.822812
173	-1.751529
174	-1.671995
175	-1.585536
176	-1.494110
177	-1.399854
178	-1.304517
179	-1.209066
180	-1.113637
181	-1.017843
182	-0.921291
183	-0.824098
184	-0.727198
185	-0.632295
186	-0.541462
187	-0.456579
188	-0.378867
189	-0.308707
190	-0.245718
191	-0.188995
192	-0.137350
193	-0.089493
194	-0.044129
195	0.000000
196	0.044129
197	0.089493
198	0.137350
199	0.188995
200	0.245718
201	0.308707
202	0.378867
203	0.456579
204	0.541462
205	0.632295
206	0.727198
207	0.824098
208	0.921291
209	1.017843
210	1.113637
211	1.209066
212	1.304517
213	1.399854
214	1.494110
215	1.585536
216	1.671995
217	1.751529
218	1.822812
219	1.885342
220	1.939340
221	1.985522
222	2.024840
223	2.058292
224	2.086812
225	2.111211
226	2.132176
227	2.150271
228	2.165955
229	2.179605
230	2.191527
231	2.201975
232	2.211156
233	2.219246
234	2.226390
235	2.232711
236	2.238315
237	2.243290
238	2.247713
239	2.251651
240	2.255162
241	2.258294
242	2.261091
243	2.263591
244	2.265827
245	2.267829
246	2.269622
247	2.271229
248	2.272670
249	2.273962
250	2.275122
251	2.276164
252	2.277099
253	2.277939
254	2.278694
255	2.279372
256	2.279982
257	2.280531
258	2.281024
259	2.281468
260	2.281867
261	2.282226
262	2.282549
263	2.282840
264	2.283102
265	2.283337
266	2.283549
267	2.283740
268	2.283912
269	2.284067
270	2.284206
271	2.284321
272	2.284423
273	2.284513
274	2.284593
275	2.284663
276	2.284724
277	2.284778
278	2.284823
279	2.284862
280	2.284894
281	2.284920
282	2.284940
283	2.284954
284	2.284962
285	2.284965
286	2.284962
287	2.284954
288	2.284940
289	2.284920
290	2.284894
291	2.284862
292	2.284823
293	2.284778
294	2.284724
295	2.284663
296	2.284593
297	2.284513
298	2.284423
299	2.284321
300	2.284206
301	2.284067
302	2.283912
303	2.283740
304	2.283549
305	2.283337
306	2.283102
307	2.282840
308	2.282549
309	2.282226
310	2.281867
311	2.281468
312	2.281024
313	2.280531
314	2.279982
315	2.279372
316	2.278694
317	2.277939
318	2.277099
319	2.276164
320	2.275122
321	2.273962
322	2.272670
323	2.271229
324	2.269622
325	2.267829
326	2.265827
327	2.263591
328	2.261091
329	2.258294
330	2.255162
331	2.251651
332	2.247713
333	2.243290
334	2.238315
335	2.232711
336	2.226390
337	2.219246
338	2.211156
339	2.201975
340	2.191527
341	2.179605
342	2.165955
343	2.150271
344	2.132176
345	2.111211
346	2.086812
347	2.058292
348	2.024840
349	1.985522
350	1.939340
351	1.885342
352	1.822812
353	1.751529
354	1.671995
355	1.585536
356	1.494110
357	1.399854
358	1.304517
359	1.209066
360	1.113637
One-Turn Voltage
