Winding Voltages under Load 
Air-Gap Position (elec. degrees)
Voltage (V)
0	-87.8112
1	-79.4414
2	-70.9086
3	-62.1875
4	-53.2459
5	-44.0441
6	-34.5251
7	-24.6433
8	-14.3234
9	-3.48792
10	7.94111
11	20.0297
12	32.8133
13	46.2757
14	60.3358
15	74.8508
16	89.6437
17	104.544
18	119.437
19	134.267
20	149.04
21	163.782
22	178.501
23	193.148
24	207.601
25	221.693
26	235.247
27	248.119
28	260.227
29	271.554
30	282.135
31	292.035
32	301.333
33	310.108
34	318.422
35	326.35
36	333.935
37	341.215
38	348.225
39	354.988
40	361.527
41	367.851
42	373.987
43	379.94
44	385.726
45	391.335
46	396.781
47	402.067
48	407.194
49	412.164
50	416.976
51	421.629
52	426.12
53	430.445
54	434.6
55	438.578
56	442.381
57	445.983
58	449.379
59	452.549
60	455.493
61	458.181
62	460.592
63	462.695
64	464.456
65	465.831
66	466.761
67	467.196
68	467.058
69	466.267
70	464.741
71	462.412
72	459.241
73	455.241
74	450.49
75	445.129
76	439.332
77	433.266
78	427.044
79	420.719
80	414.281
81	407.702
82	400.973
83	394.139
84	387.32
85	380.681
86	374.397
87	368.608
88	363.396
89	358.775
90	354.708
91	351.128
92	347.954
93	345.106
94	342.518
95	340.115
96	337.853
97	335.69
98	333.592
99	331.532
100	329.488
101	327.448
102	325.385
103	323.291
104	321.151
105	318.971
106	316.738
107	314.449
108	312.099
109	309.688
110	307.215
111	304.681
112	302.087
113	299.437
114	296.735
115	293.986
116	291.191
117	288.373
118	285.536
119	282.702
120	279.87
121	277.07
122	274.323
123	271.66
124	269.116
125	266.734
126	264.574
127	262.686
128	261.148
129	260.042
130	259.45
131	259.44
132	260.053
133	261.275
134	263.029
135	265.177
136	267.544
137	269.965
138	272.328
139	274.581
140	276.734
141	278.818
142	280.844
143	282.766
144	284.467
145	285.784
146	286.544
147	286.605
148	285.891
149	284.388
150	282.135
151	279.201
152	275.67
153	271.622
154	267.126
155	262.26
156	257.069
157	251.598
158	245.882
159	239.953
160	233.833
161	227.537
162	221.097
163	214.519
164	207.826
165	201.01
166	194.088
167	187.068
168	179.955
169	172.753
170	165.467
171	158.099
172	150.648
173	143.116
174	135.501
175	127.801
176	120.019
177	112.135
178	104.147
179	96.0387
180	87.8114
181	79.4417
182	70.909
183	62.1878
184	53.2462
185	44.0445
186	34.5255
187	24.6437
188	14.3237
189	3.48823
190	-7.94082
191	-20.0295
192	-32.813
193	-46.2755
194	-60.3356
195	-74.8507
196	-89.6436
197	-104.544
198	-119.437
199	-134.267
200	-149.04
201	-163.782
202	-178.501
203	-193.148
204	-207.601
205	-221.693
206	-235.247
207	-248.119
208	-260.227
209	-271.554
210	-282.135
211	-292.035
212	-301.334
213	-310.108
214	-318.422
215	-326.351
216	-333.935
217	-341.216
218	-348.225
219	-354.989
220	-361.528
221	-367.851
222	-373.987
223	-379.94
224	-385.726
225	-391.336
226	-396.782
227	-402.067
228	-407.195
229	-412.164
230	-416.976
231	-421.629
232	-426.12
233	-430.445
234	-434.6
235	-438.579
236	-442.381
237	-445.983
238	-449.379
239	-452.55
240	-455.493
241	-458.182
242	-460.592
243	-462.695
244	-464.456
245	-465.831
246	-466.761
247	-467.196
248	-467.058
249	-466.267
250	-464.741
251	-462.412
252	-459.241
253	-455.241
254	-450.491
255	-445.13
256	-439.332
257	-433.266
258	-427.044
259	-420.719
260	-414.281
261	-407.702
262	-400.973
263	-394.139
264	-387.32
265	-380.681
266	-374.396
267	-368.608
268	-363.396
269	-358.775
270	-354.708
271	-351.128
272	-347.954
273	-345.106
274	-342.518
275	-340.115
276	-337.853
277	-335.69
278	-333.592
279	-331.532
280	-329.488
281	-327.448
282	-325.385
283	-323.291
284	-321.15
285	-318.971
286	-316.738
287	-314.449
288	-312.099
289	-309.688
290	-307.215
291	-304.681
292	-302.087
293	-299.437
294	-296.735
295	-293.986
296	-291.191
297	-288.373
298	-285.536
299	-282.701
300	-279.87
301	-277.07
302	-274.323
303	-271.66
304	-269.116
305	-266.734
306	-264.574
307	-262.686
308	-261.148
309	-260.043
310	-259.45
311	-259.44
312	-260.053
313	-261.275
314	-263.029
315	-265.177
316	-267.544
317	-269.965
318	-272.328
319	-274.581
320	-276.734
321	-278.818
322	-280.844
323	-282.766
324	-284.467
325	-285.784
326	-286.543
327	-286.605
328	-285.891
329	-284.388
330	-282.135
331	-279.201
332	-275.67
333	-271.622
334	-267.126
335	-262.259
336	-257.069
337	-251.597
338	-245.882
339	-239.952
340	-233.833
341	-227.537
342	-221.096
343	-214.519
344	-207.825
345	-201.009
346	-194.088
347	-187.068
348	-179.955
349	-172.753
350	-165.467
351	-158.098
352	-150.648
353	-143.116
354	-135.501
355	-127.801
356	-120.019
357	-112.135
358	-104.147
359	-96.0384
360	-87.8112
Phase Voltage va
0	367.682
1	378.74
2	389.683
3	400.507
4	411.21
5	421.787
6	432.236
7	442.553
8	452.735
9	462.779
10	472.682
11	482.442
12	492.054
13	501.516
14	510.826
15	519.98
16	528.976
17	537.811
18	546.481
19	554.986
20	563.321
21	571.484
22	579.474
23	587.287
24	594.921
25	602.374
26	609.644
27	616.727
28	623.623
29	630.329
30	636.843
31	643.163
32	649.287
33	655.213
34	660.94
35	666.465
36	671.788
37	676.905
38	681.817
39	686.521
40	691.015
41	695.299
42	699.372
43	703.231
44	706.876
45	710.306
46	713.52
47	716.516
48	719.294
49	721.852
50	724.191
51	726.31
52	728.207
53	729.882
54	731.335
55	732.565
56	733.572
57	734.355
58	734.915
59	735.251
60	735.363
61	735.251
62	734.915
63	734.355
64	733.572
65	732.565
66	731.335
67	729.882
68	728.207
69	726.31
70	724.191
71	721.852
72	719.294
73	716.516
74	713.52
75	710.306
76	706.876
77	703.231
78	699.372
79	695.299
80	691.015
81	686.521
82	681.817
83	676.905
84	671.788
85	666.465
86	660.94
87	655.213
88	649.287
89	643.163
90	636.843
91	630.329
92	623.623
93	616.727
94	609.644
95	602.374
96	594.921
97	587.287
98	579.474
99	571.484
100	563.321
101	554.986
102	546.481
103	537.811
104	528.976
105	519.98
106	510.826
107	501.516
108	492.054
109	482.442
110	472.682
111	462.779
112	452.735
113	442.553
114	432.236
115	421.787
116	411.21
117	400.507
118	389.683
119	378.74
120	367.682
121	356.511
122	345.232
123	333.848
124	322.362
125	310.778
126	299.099
127	287.329
128	275.472
129	263.531
130	251.509
131	239.411
132	227.24
133	214.999
134	202.694
135	190.326
136	177.9
137	165.421
138	152.891
139	140.314
140	127.694
141	115.036
142	102.343
143	89.6182
144	76.8664
145	64.0911
146	51.2963
147	38.4859
148	25.6638
149	12.8339
150	3.41061e-013
151	-12.8339
152	-25.6638
153	-38.4859
154	-51.2963
155	-64.0911
156	-76.8664
157	-89.6182
158	-102.343
159	-115.036
160	-127.694
161	-140.314
162	-152.891
163	-165.421
164	-177.9
165	-190.326
166	-202.694
167	-214.999
168	-227.24
169	-239.411
170	-251.509
171	-263.531
172	-275.472
173	-287.329
174	-299.099
175	-310.778
176	-322.362
177	-333.848
178	-345.232
179	-356.511
180	-367.682
181	-378.74
182	-389.683
183	-400.507
184	-411.21
185	-421.787
186	-432.236
187	-442.553
188	-452.735
189	-462.779
190	-472.682
191	-482.442
192	-492.054
193	-501.516
194	-510.826
195	-519.98
196	-528.976
197	-537.811
198	-546.481
199	-554.986
200	-563.321
201	-571.484
202	-579.474
203	-587.287
204	-594.921
205	-602.374
206	-609.644
207	-616.727
208	-623.623
209	-630.329
210	-636.843
211	-643.163
212	-649.287
213	-655.213
214	-660.94
215	-666.465
216	-671.788
217	-676.905
218	-681.817
219	-686.521
220	-691.015
221	-695.299
222	-699.372
223	-703.231
224	-706.876
225	-710.306
226	-713.52
227	-716.516
228	-719.294
229	-721.852
230	-724.191
231	-726.31
232	-728.207
233	-729.882
234	-731.335
235	-732.565
236	-733.572
237	-734.355
238	-734.915
239	-735.251
240	-735.363
241	-735.251
242	-734.915
243	-734.355
244	-733.572
245	-732.565
246	-731.335
247	-729.882
248	-728.207
249	-726.31
250	-724.191
251	-721.852
252	-719.294
253	-716.516
254	-713.52
255	-710.306
256	-706.876
257	-703.231
258	-699.372
259	-695.299
260	-691.015
261	-686.521
262	-681.817
263	-676.905
264	-671.788
265	-666.465
266	-660.94
267	-655.213
268	-649.287
269	-643.163
270	-636.843
271	-630.329
272	-623.623
273	-616.727
274	-609.644
275	-602.374
276	-594.921
277	-587.287
278	-579.474
279	-571.484
280	-563.321
281	-554.986
282	-546.481
283	-537.811
284	-528.976
285	-519.98
286	-510.826
287	-501.516
288	-492.054
289	-482.442
290	-472.682
291	-462.779
292	-452.735
293	-442.553
294	-432.236
295	-421.787
296	-411.21
297	-400.507
298	-389.683
299	-378.74
300	-367.682
301	-356.511
302	-345.232
303	-333.848
304	-322.362
305	-310.778
306	-299.099
307	-287.329
308	-275.472
309	-263.531
310	-251.509
311	-239.411
312	-227.24
313	-214.999
314	-202.694
315	-190.326
316	-177.9
317	-165.421
318	-152.891
319	-140.314
320	-127.694
321	-115.036
322	-102.343
323	-89.6182
324	-76.8664
325	-64.0911
326	-51.2963
327	-38.4859
328	-25.6638
329	-12.8339
330	2.84217e-012
331	12.8339
332	25.6638
333	38.4859
334	51.2963
335	64.0911
336	76.8664
337	89.6182
338	102.343
339	115.036
340	127.694
341	140.314
342	152.891
343	165.421
344	177.9
345	190.326
346	202.694
347	214.999
348	227.24
349	239.411
350	251.509
351	263.531
352	275.472
353	287.329
354	299.099
355	310.778
356	322.362
357	333.848
358	345.232
359	356.511
360	367.682
Line Voltage vab
