PhaseC
  5 10
  0.02528
  0  -146.901  -37.7162  -0.305622  -140.043  
  0.02536
  0  -136.552  -36.3636  -0.316046  -130.304  
  0.02544
  0  -125.858  -34.9478  -0.325665  -120.238  
  0.02552
  0  -114.846  -33.467  -0.334454  -109.862  
  0.0256
  0  -103.543  -31.9582  -0.342389  -99.1858  
  0.02568
  0  -91.9796  -30.3297  -0.349452  -88.2823  
  0.02576
  0  -80.1834  -28.5731  -0.355625  -77.1735  
  0.02584
  0  -68.1847  -26.3019  -0.36091  -66.0537  
  0.02592
  0  -56.0137  -23.5105  -0.365303  -54.9132  
  0.026
  0  -43.7012  -20.4095  -0.368798  -43.6917  
