PhaseA
  5 10
  0.02528
  0  -101.735  -16.464  0.340326  -90.4918  
  0.02536
  0  -113.08  -18.1491  0.33221  -101.461  
  0.02544
  0  -124.14  -19.6467  0.323233  -112.21  
  0.02552
  0  -134.886  -20.9642  0.313416  -122.715  
  0.0256
  0  -145.292  -22.2449  0.302784  -132.889  
  0.02568
  0  -155.33  -23.9229  0.291382  -142.535  
  0.02576
  0  -164.976  -25.9043  0.279244  -151.715  
  0.02584
  0  -174.206  -27.9297  0.266404  -160.504  
  0.02592
  0  -182.995  -29.7286  0.252887  -168.966  
  0.026
  0  -191.322  -31.2059  0.23872  -177.09  
