PhaseB
  5 10
  0.02528
  0  248.636  42.6764  -0.0345816  234.159  
  0.02536
  0  249.632  43.4818  -0.0157626  235.237  
  0.02544
  0  249.998  44.2052  0.00309308  235.696  
  0.02552
  0  249.732  44.8486  0.021937  235.549  
  0.0256
  0  248.835  45.3424  0.0407231  234.826  
  0.02568
  0  247.31  45.7459  0.0594028  233.496  
  0.02576
  0  245.16  46.0148  0.0779297  231.586  
  0.02584
  0  242.391  46.2439  0.0962543  229.057  
  0.02592
  0  239.009  46.3775  0.11433  225.948  
  0.026
  0  235.023  46.3729  0.132113  222.28  
