Induced Coil Voltages at Rated Speed
Air-Gap Position (elec. degrees)
Voltage (V)
0	-0.000000
1	-0.120142
2	-0.240733
3	-0.361548
4	-0.481288
5	-0.597642
6	-0.707800
7	-0.809188
8	-0.900059
9	-0.979734
10	-1.048485
11	-1.107223
12	-1.157170
13	-1.199610
14	-1.235744
15	-1.266618
16	-1.293112
17	-1.315951
18	-1.335725
19	-1.352917
20	-1.367919
21	-1.381053
22	-1.392586
23	-1.402741
24	-1.411701
25	-1.419626
26	-1.426646
27	-1.432875
28	-1.438412
29	-1.443339
30	-1.447728
31	-1.451644
32	-1.455139
33	-1.458262
34	-1.461056
35	-1.463555
36	-1.465794
37	-1.467799
38	-1.469597
39	-1.471210
40	-1.472657
41	-1.473956
42	-1.475122
43	-1.476170
44	-1.477111
45	-1.477957
46	-1.478718
47	-1.479401
48	-1.480016
49	-1.480569
50	-1.481067
51	-1.481514
52	-1.481917
53	-1.482279
54	-1.482606
55	-1.482899
56	-1.483163
57	-1.483401
58	-1.483615
59	-1.483808
60	-1.483982
61	-1.484138
62	-1.484279
63	-1.484406
64	-1.484520
65	-1.484623
66	-1.484715
67	-1.484798
68	-1.484874
69	-1.484941
70	-1.485002
71	-1.485057
72	-1.485106
73	-1.485151
74	-1.485191
75	-1.485227
76	-1.485260
77	-1.485289
78	-1.485315
79	-1.485339
80	-1.485360
81	-1.485380
82	-1.485397
83	-1.485413
84	-1.485427
85	-1.485439
86	-1.485451
87	-1.485461
88	-1.485470
89	-1.485479
90	-1.485486
91	-1.485479
92	-1.485470
93	-1.485461
94	-1.485451
95	-1.485439
96	-1.485427
97	-1.485413
98	-1.485397
99	-1.485380
100	-1.485360
101	-1.485339
102	-1.485315
103	-1.485289
104	-1.485260
105	-1.485227
106	-1.485191
107	-1.485151
108	-1.485106
109	-1.485057
110	-1.485002
111	-1.484941
112	-1.484874
113	-1.484798
114	-1.484715
115	-1.484623
116	-1.484520
117	-1.484406
118	-1.484279
119	-1.484138
120	-1.483982
121	-1.483808
122	-1.483615
123	-1.483401
124	-1.483163
125	-1.482899
126	-1.482606
127	-1.482279
128	-1.481917
129	-1.481514
130	-1.481067
131	-1.480569
132	-1.480016
133	-1.479401
134	-1.478718
135	-1.477957
136	-1.477111
137	-1.476170
138	-1.475122
139	-1.473956
140	-1.472657
141	-1.471210
142	-1.469597
143	-1.467799
144	-1.465794
145	-1.463555
146	-1.461056
147	-1.458262
148	-1.455139
149	-1.451644
150	-1.447728
151	-1.443339
152	-1.438412
153	-1.432875
154	-1.426646
155	-1.419626
156	-1.411701
157	-1.402741
158	-1.392586
159	-1.381053
160	-1.367919
161	-1.352917
162	-1.335725
163	-1.315951
164	-1.293112
165	-1.266618
166	-1.235744
167	-1.199610
168	-1.157170
169	-1.107223
170	-1.048485
171	-0.979734
172	-0.900059
173	-0.809188
174	-0.707800
175	-0.597642
176	-0.481288
177	-0.361548
178	-0.240733
179	-0.120142
180	-0.000000
181	0.120142
182	0.240733
183	0.361548
184	0.481288
185	0.597642
186	0.707800
187	0.809188
188	0.900059
189	0.979734
190	1.048485
191	1.107223
192	1.157170
193	1.199610
194	1.235744
195	1.266618
196	1.293112
197	1.315951
198	1.335725
199	1.352917
200	1.367919
201	1.381053
202	1.392586
203	1.402741
204	1.411701
205	1.419626
206	1.426646
207	1.432875
208	1.438412
209	1.443339
210	1.447728
211	1.451644
212	1.455139
213	1.458262
214	1.461056
215	1.463555
216	1.465794
217	1.467799
218	1.469597
219	1.471210
220	1.472657
221	1.473956
222	1.475122
223	1.476170
224	1.477111
225	1.477957
226	1.478718
227	1.479401
228	1.480016
229	1.480569
230	1.481067
231	1.481514
232	1.481917
233	1.482279
234	1.482606
235	1.482899
236	1.483163
237	1.483401
238	1.483615
239	1.483808
240	1.483982
241	1.484138
242	1.484279
243	1.484406
244	1.484520
245	1.484623
246	1.484715
247	1.484798
248	1.484874
249	1.484941
250	1.485002
251	1.485057
252	1.485106
253	1.485151
254	1.485191
255	1.485227
256	1.485260
257	1.485289
258	1.485315
259	1.485339
260	1.485360
261	1.485380
262	1.485397
263	1.485413
264	1.485427
265	1.485439
266	1.485451
267	1.485461
268	1.485470
269	1.485479
270	1.485486
271	1.485479
272	1.485470
273	1.485461
274	1.485451
275	1.485439
276	1.485427
277	1.485413
278	1.485397
279	1.485380
280	1.485360
281	1.485339
282	1.485315
283	1.485289
284	1.485260
285	1.485227
286	1.485191
287	1.485151
288	1.485106
289	1.485057
290	1.485002
291	1.484941
292	1.484874
293	1.484798
294	1.484715
295	1.484623
296	1.484520
297	1.484406
298	1.484279
299	1.484138
300	1.483982
301	1.483808
302	1.483615
303	1.483401
304	1.483163
305	1.482899
306	1.482606
307	1.482279
308	1.481917
309	1.481514
310	1.481067
311	1.480569
312	1.480016
313	1.479401
314	1.478718
315	1.477957
316	1.477111
317	1.476170
318	1.475122
319	1.473956
320	1.472657
321	1.471210
322	1.469597
323	1.467799
324	1.465794
325	1.463555
326	1.461056
327	1.458262
328	1.455139
329	1.451644
330	1.447728
331	1.443339
332	1.438412
333	1.432875
334	1.426646
335	1.419626
336	1.411701
337	1.402741
338	1.392586
339	1.381053
340	1.367919
341	1.352917
342	1.335725
343	1.315951
344	1.293112
345	1.266618
346	1.235744
347	1.199610
348	1.157170
349	1.107223
350	1.048485
351	0.979734
352	0.900059
353	0.809188
354	0.707800
355	0.597642
356	0.481288
357	0.361548
358	0.240733
359	0.120142
360	0.000000
One-Conductor Voltage
0	1.447728
1	1.323196
2	1.197679
3	1.071328
4	0.945358
5	0.821984
6	0.703901
7	0.593553
8	0.492528
9	0.401319
10	0.319433
11	0.245694
12	0.178556
13	0.116340
14	0.057368
15	0.000000
16	-0.057368
17	-0.116340
18	-0.178556
19	-0.245694
20	-0.319433
21	-0.401319
22	-0.492528
23	-0.593553
24	-0.703901
25	-0.821984
26	-0.945358
27	-1.071328
28	-1.197679
29	-1.323196
30	-1.447728
31	-1.571786
32	-1.695872
33	-1.819810
34	-1.942343
35	-2.061197
36	-2.173594
37	-2.276987
38	-2.369656
39	-2.450944
40	-2.521142
41	-2.581179
42	-2.632292
43	-2.675780
44	-2.712855
45	-2.744575
46	-2.771829
47	-2.795352
48	-2.815741
49	-2.833486
50	-2.848985
51	-2.862567
52	-2.874503
53	-2.885020
54	-2.894307
55	-2.902525
56	-2.909809
57	-2.916277
58	-2.922027
59	-2.927147
60	-2.931710
61	-2.935782
62	-2.939418
63	-2.942668
64	-2.945575
65	-2.948178
66	-2.950509
67	-2.952598
68	-2.954471
69	-2.956151
70	-2.957659
71	-2.959013
72	-2.960229
73	-2.961321
74	-2.962302
75	-2.963184
76	-2.963977
77	-2.964690
78	-2.965331
79	-2.965908
80	-2.966427
81	-2.966894
82	-2.967314
83	-2.967692
84	-2.968032
85	-2.968339
86	-2.968614
87	-2.968862
88	-2.969086
89	-2.969287
90	-2.969468
91	-2.969617
92	-2.969749
93	-2.969867
94	-2.969971
95	-2.970062
96	-2.970142
97	-2.970211
98	-2.970271
99	-2.970321
100	-2.970362
101	-2.970396
102	-2.970422
103	-2.970440
104	-2.970450
105	-2.970454
106	-2.970450
107	-2.970440
108	-2.970422
109	-2.970396
110	-2.970362
111	-2.970321
112	-2.970271
113	-2.970211
114	-2.970142
115	-2.970062
116	-2.969971
117	-2.969867
118	-2.969749
119	-2.969617
120	-2.969468
121	-2.969287
122	-2.969086
123	-2.968862
124	-2.968614
125	-2.968339
126	-2.968032
127	-2.967692
128	-2.967314
129	-2.966894
130	-2.966427
131	-2.965908
132	-2.965331
133	-2.964690
134	-2.963977
135	-2.963184
136	-2.962302
137	-2.961321
138	-2.960229
139	-2.959013
140	-2.957659
141	-2.956151
142	-2.954471
143	-2.952598
144	-2.950509
145	-2.948178
146	-2.945575
147	-2.942668
148	-2.939418
149	-2.935782
150	-2.931710
151	-2.927147
152	-2.922027
153	-2.916277
154	-2.909809
155	-2.902525
156	-2.894307
157	-2.885020
158	-2.874503
159	-2.862567
160	-2.848985
161	-2.833486
162	-2.815741
163	-2.795352
164	-2.771829
165	-2.744575
166	-2.712855
167	-2.675780
168	-2.632292
169	-2.581179
170	-2.521142
171	-2.450944
172	-2.369656
173	-2.276987
174	-2.173594
175	-2.061197
176	-1.942343
177	-1.819810
178	-1.695872
179	-1.571786
180	-1.447728
181	-1.323196
182	-1.197679
183	-1.071328
184	-0.945358
185	-0.821984
186	-0.703901
187	-0.593553
188	-0.492528
189	-0.401319
190	-0.319433
191	-0.245694
192	-0.178556
193	-0.116340
194	-0.057368
195	0.000000
196	0.057368
197	0.116340
198	0.178556
199	0.245694
200	0.319433
201	0.401319
202	0.492528
203	0.593553
204	0.703901
205	0.821984
206	0.945358
207	1.071328
208	1.197679
209	1.323196
210	1.447728
211	1.571786
212	1.695872
213	1.819810
214	1.942343
215	2.061197
216	2.173594
217	2.276987
218	2.369656
219	2.450944
220	2.521142
221	2.581179
222	2.632292
223	2.675780
224	2.712855
225	2.744575
226	2.771829
227	2.795352
228	2.815741
229	2.833486
230	2.848985
231	2.862567
232	2.874503
233	2.885020
234	2.894307
235	2.902525
236	2.909809
237	2.916277
238	2.922027
239	2.927147
240	2.931710
241	2.935782
242	2.939418
243	2.942668
244	2.945575
245	2.948178
246	2.950509
247	2.952598
248	2.954471
249	2.956151
250	2.957659
251	2.959013
252	2.960229
253	2.961321
254	2.962302
255	2.963184
256	2.963977
257	2.964690
258	2.965331
259	2.965908
260	2.966427
261	2.966894
262	2.967314
263	2.967692
264	2.968032
265	2.968339
266	2.968614
267	2.968862
268	2.969086
269	2.969287
270	2.969468
271	2.969617
272	2.969749
273	2.969867
274	2.969971
275	2.970062
276	2.970142
277	2.970211
278	2.970271
279	2.970321
280	2.970362
281	2.970396
282	2.970422
283	2.970440
284	2.970450
285	2.970454
286	2.970450
287	2.970440
288	2.970422
289	2.970396
290	2.970362
291	2.970321
292	2.970271
293	2.970211
294	2.970142
295	2.970062
296	2.969971
297	2.969867
298	2.969749
299	2.969617
300	2.969468
301	2.969287
302	2.969086
303	2.968862
304	2.968614
305	2.968339
306	2.968032
307	2.967692
308	2.967314
309	2.966894
310	2.966427
311	2.965908
312	2.965331
313	2.964690
314	2.963977
315	2.963184
316	2.962302
317	2.961321
318	2.960229
319	2.959013
320	2.957659
321	2.956151
322	2.954471
323	2.952598
324	2.950509
325	2.948178
326	2.945575
327	2.942668
328	2.939418
329	2.935782
330	2.931710
331	2.927147
332	2.922027
333	2.916277
334	2.909809
335	2.902525
336	2.894307
337	2.885020
338	2.874503
339	2.862567
340	2.848985
341	2.833486
342	2.815741
343	2.795352
344	2.771829
345	2.744575
346	2.712855
347	2.675780
348	2.632292
349	2.581179
350	2.521142
351	2.450944
352	2.369656
353	2.276987
354	2.173594
355	2.061197
356	1.942343
357	1.819810
358	1.695872
359	1.571786
360	1.447728
One-Turn Voltage
