Winding Currents under Load 
Air-Gap Position (elec. degrees)
Current (A)
0	26.2356
1	26.5163
2	26.7922
3	27.065
4	27.3354
5	27.6038
6	27.8705
7	28.1355
8	28.3992
9	28.6606
10	28.9186
11	29.1722
12	29.4197
13	29.6594
14	29.8893
15	30.1075
16	30.3122
17	30.5019
18	30.6757
19	30.8322
20	30.9725
21	31.0967
22	31.2047
23	31.2967
24	31.3723
25	31.4307
26	31.4727
27	31.499
28	31.511
29	31.5102
30	31.4985
31	31.4778
32	31.45
33	31.4165
34	31.3787
35	31.3374
36	31.2942
37	31.2481
38	31.1993
39	31.1475
40	31.0923
41	31.0329
42	30.9684
43	30.8975
44	30.8199
45	30.7331
46	30.6351
47	30.5256
48	30.404
49	30.27
50	30.1235
51	29.9644
52	29.7929
53	29.6088
54	29.412
55	29.2025
56	28.9804
57	28.7461
58	28.4996
59	28.243
60	27.9775
61	27.7055
62	27.4272
63	27.1438
64	26.8561
65	26.5648
66	26.2704
67	25.973
68	25.6736
69	25.3715
70	25.0662
71	24.7572
72	24.4439
73	24.1253
74	23.8004
75	23.4681
76	23.1277
77	22.7782
78	22.4191
79	22.0496
80	21.6703
81	21.2813
82	20.8826
83	20.4739
84	20.0553
85	19.626
86	19.1865
87	18.7371
88	18.2785
89	17.8115
90	17.337
91	16.856
92	16.3695
93	15.8782
94	15.3829
95	14.8842
96	14.3829
97	13.8789
98	13.3724
99	12.8636
100	12.3528
101	11.84
102	11.3254
103	10.8089
104	10.2911
105	9.7716
106	9.24995
107	8.72654
108	8.20133
109	7.67429
110	7.14537
111	6.61451
112	6.08168
113	5.54682
114	5.00988
115	4.47082
116	3.9296
117	3.3862
118	2.84045
119	2.2925
120	1.74238
121	1.19023
122	0.635996
123	0.0797818
124	-0.47828
125	-1.03801
126	-1.59919
127	-2.16152
128	-2.72465
129	-3.28816
130	-3.85148
131	-4.41396
132	-4.97481
133	-5.53315
134	-6.08802
135	-6.63847
136	-7.18362
137	-7.72282
138	-8.25563
139	-8.7817
140	-9.30127
141	-9.81443
142	-10.3213
143	-10.8218
144	-11.3161
145	-11.8038
146	-12.2853
147	-12.761
148	-13.2315
149	-13.6977
150	-14.1605
151	-14.6209
152	-15.0796
153	-15.5374
154	-15.9949
155	-16.4524
156	-16.9104
157	-17.3684
158	-17.8261
159	-18.2831
160	-18.7387
161	-19.1921
162	-19.6422
163	-20.0877
164	-20.5279
165	-20.9607
166	-21.3843
167	-21.7982
168	-22.2018
169	-22.5949
170	-22.9772
171	-23.3491
172	-23.7104
173	-24.0611
174	-24.4013
175	-24.7308
176	-25.0499
177	-25.359
178	-25.6583
179	-25.9496
180	-26.2343
181	-26.5144
182	-26.7904
183	-27.0632
184	-27.3336
185	-27.602
186	-27.8687
187	-28.1337
188	-28.3974
189	-28.6588
190	-28.9168
191	-29.1704
192	-29.4179
193	-29.6576
194	-29.8875
195	-30.1058
196	-30.3105
197	-30.5001
198	-30.6739
199	-30.8304
200	-30.9707
201	-31.0949
202	-31.203
203	-31.2949
204	-31.3706
205	-31.4289
206	-31.4709
207	-31.4973
208	-31.5092
209	-31.5084
210	-31.4967
211	-31.4761
212	-31.4482
213	-31.4148
214	-31.377
215	-31.3357
216	-31.2925
217	-31.2464
218	-31.1976
219	-31.1458
220	-31.0906
221	-31.0312
222	-30.9667
223	-30.8958
224	-30.8182
225	-30.7314
226	-30.6334
227	-30.5239
228	-30.4023
229	-30.2683
230	-30.1218
231	-29.9627
232	-29.7912
233	-29.6071
234	-29.4103
235	-29.2008
236	-28.9787
237	-28.7444
238	-28.4979
239	-28.2413
240	-27.9759
241	-27.7038
242	-27.4255
243	-27.1421
244	-26.8544
245	-26.5632
246	-26.2687
247	-25.9713
248	-25.6719
249	-25.3698
250	-25.0645
251	-24.7556
252	-24.4422
253	-24.1236
254	-23.7987
255	-23.4665
256	-23.126
257	-22.7765
258	-22.4175
259	-22.0479
260	-21.6687
261	-21.2797
262	-20.8809
263	-20.4723
264	-20.0537
265	-19.6244
266	-19.1849
267	-18.7355
268	-18.2769
269	-17.8099
270	-17.3354
271	-16.8544
272	-16.3679
273	-15.8766
274	-15.3813
275	-14.8826
276	-14.3813
277	-13.8773
278	-13.3708
279	-12.862
280	-12.3512
281	-11.8384
282	-11.3238
283	-10.8074
284	-10.2896
285	-9.77003
286	-9.24838
287	-8.72497
288	-8.19977
289	-7.67274
290	-7.14382
291	-6.61297
292	-6.08014
293	-5.54528
294	-5.00834
295	-4.46929
296	-3.92808
297	-3.38468
298	-2.83893
299	-2.29098
300	-1.74087
301	-1.18872
302	-0.634495
303	-0.0782854
304	0.479772
305	1.0395
306	1.60067
307	2.163
308	2.72613
309	3.28963
310	3.85294
311	4.41542
312	4.97627
313	5.5346
314	6.08947
315	6.63991
316	7.18506
317	7.72425
318	8.25706
319	8.78312
320	9.30268
321	9.81584
322	10.3227
323	10.8232
324	11.3175
325	11.8052
326	12.2867
327	12.7624
328	13.2329
329	13.6991
330	14.1619
331	14.6222
332	15.081
333	15.5388
334	15.9963
335	16.4537
336	16.9117
337	17.3697
338	17.8274
339	18.2844
340	18.74
341	19.1934
342	19.6435
343	20.089
344	20.5292
345	20.962
346	21.3856
347	21.7995
348	22.2031
349	22.5961
350	22.9785
351	23.3503
352	23.7116
353	24.0624
354	24.4026
355	24.7321
356	25.0512
357	25.3603
358	25.6596
359	25.9509
360	26.2356
Phase Current ia
0	-27.977
1	-27.7049
2	-27.4266
3	-27.1432
4	-26.8555
5	-26.5643
6	-26.2698
7	-25.9724
8	-25.673
9	-25.3709
10	-25.0656
11	-24.7567
12	-24.4433
13	-24.1247
14	-23.7998
15	-23.4676
16	-23.1271
17	-22.7776
18	-22.4186
19	-22.049
20	-21.6698
21	-21.2808
22	-20.882
23	-20.4734
24	-20.0548
25	-19.6255
26	-19.186
27	-18.7366
28	-18.278
29	-17.811
30	-17.3365
31	-16.8555
32	-16.369
33	-15.8777
34	-15.3824
35	-14.8837
36	-14.3824
37	-13.8784
38	-13.3719
39	-12.8631
40	-12.3523
41	-11.8395
42	-11.3249
43	-10.8085
44	-10.2907
45	-9.77115
46	-9.2495
47	-8.7261
48	-8.20089
49	-7.67386
50	-7.14494
51	-6.61409
52	-6.08126
53	-5.5464
54	-5.00946
55	-4.47041
56	-3.92919
57	-3.3858
58	-2.84005
59	-2.2921
60	-1.74199
61	-1.18984
62	-0.635609
63	-0.0793983
64	0.47866
65	1.03839
66	1.59956
67	2.16189
68	2.72502
69	3.28852
70	3.85184
71	4.41431
72	4.97516
73	5.5335
74	6.08837
75	6.63881
76	7.18396
77	7.72316
78	8.25597
79	8.78203
80	9.30159
81	9.81475
82	10.3216
83	10.8221
84	11.3164
85	11.8041
86	12.2856
87	12.7613
88	13.2318
89	13.698
90	14.1608
91	14.6212
92	15.0799
93	15.5377
94	15.9952
95	16.4527
96	16.9107
97	17.3687
98	17.8264
99	18.2833
100	18.739
101	19.1924
102	19.6424
103	20.088
104	20.5281
105	20.9609
106	21.3845
107	21.7985
108	22.2021
109	22.5951
110	22.9775
111	23.3493
112	23.7106
113	24.0614
114	24.4016
115	24.7311
116	25.0502
117	25.3593
118	25.6586
119	25.9499
120	26.2346
121	26.5147
122	26.7906
123	27.0634
124	27.3338
125	27.6022
126	27.8689
127	28.1339
128	28.3977
129	28.659
130	28.9171
131	29.1706
132	29.4181
133	29.6578
134	29.8878
135	30.106
136	30.3107
137	30.5004
138	30.6741
139	30.8306
140	30.971
141	31.0951
142	31.2032
143	31.2951
144	31.3708
145	31.4291
146	31.4711
147	31.4975
148	31.5095
149	31.5086
150	31.4969
151	31.4763
152	31.4485
153	31.415
154	31.3772
155	31.3359
156	31.2927
157	31.2466
158	31.1978
159	31.146
160	31.0908
161	31.0314
162	30.9669
163	30.896
164	30.8184
165	30.7316
166	30.6336
167	30.5241
168	30.4025
169	30.2685
170	30.122
171	29.9629
172	29.7914
173	29.6073
174	29.4105
175	29.201
176	28.9789
177	28.7446
178	28.4981
179	28.2415
180	27.9761
181	27.704
182	27.4257
183	27.1423
184	26.8546
185	26.5633
186	26.2689
187	25.9715
188	25.6721
189	25.37
190	25.0647
191	24.7558
192	24.4424
193	24.1238
194	23.7989
195	23.4667
196	23.1262
197	22.7767
198	22.4176
199	22.0481
200	21.6688
201	21.2798
202	20.8811
203	20.4725
204	20.0538
205	19.6245
206	19.185
207	18.7357
208	18.2771
209	17.81
210	17.3355
211	16.8546
212	16.368
213	15.8767
214	15.3814
215	14.8827
216	14.3814
217	13.8774
218	13.3709
219	12.8621
220	12.3513
221	11.8385
222	11.3239
223	10.8075
224	10.2897
225	9.77013
226	9.24849
227	8.72508
228	8.19987
229	7.67283
230	7.14391
231	6.61306
232	6.08023
233	5.54537
234	5.00843
235	4.46937
236	3.92816
237	3.38476
238	2.83901
239	2.29106
240	1.74094
241	1.18879
242	0.634564
243	0.0783526
244	-0.479707
245	-1.03944
246	-1.60061
247	-2.16294
248	-2.72607
249	-3.28957
250	-3.85289
251	-4.41537
252	-4.97622
253	-5.53455
254	-6.08942
255	-6.63986
256	-7.18502
257	-7.72421
258	-8.25702
259	-8.78308
260	-9.30265
261	-9.8158
262	-10.3226
263	-10.8232
264	-11.3174
265	-11.8051
266	-12.2866
267	-12.7623
268	-13.2329
269	-13.6991
270	-14.1619
271	-14.6222
272	-15.0809
273	-15.5388
274	-15.9963
275	-16.4537
276	-16.9117
277	-17.3697
278	-17.8274
279	-18.2844
280	-18.74
281	-19.1934
282	-19.6435
283	-20.089
284	-20.5292
285	-20.962
286	-21.3855
287	-21.7995
288	-22.2031
289	-22.5961
290	-22.9785
291	-23.3503
292	-23.7116
293	-24.0624
294	-24.4026
295	-24.7321
296	-25.0512
297	-25.3603
298	-25.6596
299	-25.9509
300	-26.2356
301	-26.5157
302	-26.7916
303	-27.0644
304	-27.3348
305	-27.6032
306	-27.8699
307	-28.1349
308	-28.3986
309	-28.66
310	-28.918
311	-29.1716
312	-29.4191
313	-29.6588
314	-29.8887
315	-30.107
316	-30.3116
317	-30.5013
318	-30.6751
319	-30.8316
320	-30.9719
321	-31.0961
322	-31.2042
323	-31.2961
324	-31.3717
325	-31.4301
326	-31.4721
327	-31.4984
328	-31.5104
329	-31.5096
330	-31.4979
331	-31.4772
332	-31.4494
333	-31.416
334	-31.3781
335	-31.3368
336	-31.2936
337	-31.2476
338	-31.1987
339	-31.147
340	-31.0918
341	-31.0324
342	-30.9678
343	-30.8969
344	-30.8193
345	-30.7326
346	-30.6345
347	-30.525
348	-30.4035
349	-30.2694
350	-30.1229
351	-29.9639
352	-29.7923
353	-29.6083
354	-29.4115
355	-29.2019
356	-28.9798
357	-28.7455
358	-28.4991
359	-28.2424
360	-27.977
Phase Current ib
0	1.74144
1	1.18865
2	0.634424
3	0.0782162
4	-0.479839
5	-1.03957
6	-1.60073
7	-2.16306
8	-2.72619
9	-3.28968
10	-3.853
11	-4.41547
12	-4.97632
13	-5.53465
14	-6.08951
15	-6.63995
16	-7.1851
17	-7.72429
18	-8.2571
19	-8.78316
20	-9.30272
21	-9.81587
22	-10.3227
23	-10.8232
24	-11.3175
25	-11.8052
26	-12.2867
27	-12.7624
28	-13.2329
29	-13.6991
30	-14.1619
31	-14.6223
32	-15.081
33	-15.5388
34	-15.9963
35	-16.4537
36	-16.9117
37	-17.3697
38	-17.8274
39	-18.2844
40	-18.74
41	-19.1934
42	-19.6435
43	-20.089
44	-20.5292
45	-20.962
46	-21.3856
47	-21.7995
48	-22.2031
49	-22.5961
50	-22.9785
51	-23.3503
52	-23.7116
53	-24.0624
54	-24.4026
55	-24.7321
56	-25.0512
57	-25.3603
58	-25.6596
59	-25.9509
60	-26.2356
61	-26.5157
62	-26.7916
63	-27.0644
64	-27.3348
65	-27.6032
66	-27.8699
67	-28.1349
68	-28.3986
69	-28.66
70	-28.918
71	-29.1716
72	-29.4191
73	-29.6588
74	-29.8887
75	-30.1069
76	-30.3116
77	-30.5013
78	-30.6751
79	-30.8316
80	-30.9719
81	-31.0961
82	-31.2041
83	-31.2961
84	-31.3717
85	-31.4301
86	-31.4721
87	-31.4984
88	-31.5104
89	-31.5096
90	-31.4979
91	-31.4772
92	-31.4494
93	-31.4159
94	-31.3781
95	-31.3368
96	-31.2936
97	-31.2475
98	-31.1987
99	-31.1469
100	-31.0917
101	-31.0323
102	-30.9678
103	-30.8969
104	-30.8193
105	-30.7325
106	-30.6345
107	-30.525
108	-30.4034
109	-30.2694
110	-30.1229
111	-29.9638
112	-29.7923
113	-29.6082
114	-29.4114
115	-29.2019
116	-28.9798
117	-28.7455
118	-28.499
119	-28.2424
120	-27.9769
121	-27.7049
122	-27.4266
123	-27.1432
124	-26.8555
125	-26.5642
126	-26.2698
127	-25.9724
128	-25.673
129	-25.3709
130	-25.0656
131	-24.7566
132	-24.4433
133	-24.1247
134	-23.7997
135	-23.4675
136	-23.1271
137	-22.7776
138	-22.4185
139	-22.0489
140	-21.6697
141	-21.2807
142	-20.8819
143	-20.4733
144	-20.0547
145	-19.6254
146	-19.1859
147	-18.7365
148	-18.2779
149	-17.8109
150	-17.3364
151	-16.8554
152	-16.3689
153	-15.8776
154	-15.3823
155	-14.8835
156	-14.3823
157	-13.8782
158	-13.3717
159	-12.863
160	-12.3521
161	-11.8394
162	-11.3247
163	-10.8083
164	-10.2905
165	-9.77096
166	-9.24931
167	-8.7259
168	-8.20069
169	-7.67365
170	-7.14473
171	-6.61387
172	-6.08104
173	-5.54617
174	-5.00923
175	-4.47017
176	-3.92896
177	-3.38556
178	-2.8398
179	-2.29185
180	-1.74173
181	-1.18958
182	-0.635348
183	-0.0791339
184	0.478929
185	1.03866
186	1.59984
187	2.16217
188	2.7253
189	3.28881
190	3.85213
191	4.41461
192	4.97546
193	5.5338
194	6.08867
195	6.63911
196	7.18427
197	7.72347
198	8.25628
199	8.78235
200	9.30191
201	9.81507
202	10.3219
203	10.8225
204	11.3167
205	11.8044
206	12.2859
207	12.7616
208	13.2322
209	13.6984
210	14.1612
211	14.6215
212	15.0802
213	15.5381
214	15.9956
215	16.453
216	16.911
217	17.369
218	17.8267
219	18.2837
220	18.7393
221	19.1927
222	19.6428
223	20.0883
224	20.5285
225	20.9613
226	21.3849
227	21.7988
228	22.2024
229	22.5955
230	22.9779
231	23.3497
232	23.711
233	24.0618
234	24.4019
235	24.7314
236	25.0505
237	25.3596
238	25.6589
239	25.9502
240	26.2349
241	26.515
242	26.791
243	27.0638
244	27.3342
245	27.6026
246	27.8693
247	28.1342
248	28.398
249	28.6594
250	28.9174
251	29.1709
252	29.4185
253	29.6582
254	29.8881
255	30.1063
256	30.311
257	30.5007
258	30.6745
259	30.831
260	30.9713
261	31.0955
262	31.2036
263	31.2955
264	31.3711
265	31.4295
266	31.4715
267	31.4979
268	31.5098
269	31.509
270	31.4973
271	31.4766
272	31.4488
273	31.4154
274	31.3775
275	31.3363
276	31.293
277	31.247
278	31.1982
279	31.1464
280	31.0912
281	31.0318
282	30.9672
283	30.8964
284	30.8187
285	30.732
286	30.6339
287	30.5245
288	30.4029
289	30.2689
290	30.1223
291	29.9633
292	29.7918
293	29.6077
294	29.4109
295	29.2014
296	28.9792
297	28.745
298	28.4985
299	28.2419
300	27.9764
301	27.7044
302	27.4261
303	27.1427
304	26.855
305	26.5637
306	26.2693
307	25.9719
308	25.6725
309	25.3704
310	25.0651
311	24.7561
312	24.4428
313	24.1242
314	23.7993
315	23.4671
316	23.1266
317	22.7771
318	22.418
319	22.0485
320	21.6692
321	21.2802
322	20.8815
323	20.4729
324	20.0543
325	19.6249
326	19.1854
327	18.7361
328	18.2775
329	17.8105
330	17.336
331	16.855
332	16.3684
333	15.8772
334	15.3819
335	14.8831
336	14.3819
337	13.8778
338	13.3713
339	12.8626
340	12.3518
341	11.839
342	11.3243
343	10.8079
344	10.2901
345	9.7706
346	9.24895
347	8.72554
348	8.20034
349	7.67331
350	7.14439
351	6.61354
352	6.08071
353	5.54585
354	5.00891
355	4.46986
356	3.92864
357	3.38525
358	2.8395
359	2.29155
360	1.74144
Phase Current ic
