Winding Voltages under Load 
Air-Gap Position (elec. degrees)
Voltage (V)
0	13.8589
1	22.3621
2	30.7073
3	38.9079
4	46.9801
5	54.9399
6	62.8017
7	70.5772
8	78.2759
9	85.9054
10	93.471
11	100.977
12	108.426
13	115.82
14	123.16
15	130.447
16	137.681
17	144.861
18	151.987
19	159.057
20	166.071
21	173.025
22	179.92
23	186.752
24	193.519
25	200.219
26	206.848
27	213.405
28	219.884
29	226.283
30	232.598
31	238.823
32	244.954
33	250.984
34	256.907
35	262.714
36	268.395
37	273.94
38	279.334
39	284.562
40	289.606
41	294.446
42	299.06
43	303.433
44	307.553
45	311.423
46	315.057
47	318.487
48	321.751
49	324.885
50	327.915
51	330.851
52	333.69
53	336.424
54	339.049
55	341.576
56	344.03
57	346.447
58	348.867
59	351.32
60	353.823
61	356.378
62	358.976
63	361.6
64	364.23
65	366.847
66	369.434
67	371.975
68	374.459
69	376.874
70	379.211
71	381.465
72	383.628
73	385.696
74	387.666
75	389.533
76	391.295
77	392.949
78	394.494
79	395.928
80	397.25
81	398.459
82	399.554
83	400.535
84	401.402
85	402.156
86	402.795
87	403.323
88	403.739
89	404.046
90	404.245
91	404.34
92	404.333
93	404.229
94	404.033
95	403.752
96	403.393
97	402.966
98	402.483
99	401.958
100	401.409
101	400.854
102	400.311
103	399.798
104	399.323
105	398.884
106	398.463
107	398.029
108	397.543
109	396.967
110	396.276
111	395.458
112	394.517
113	393.458
114	392.286
115	390.989
116	389.542
117	387.908
118	386.048
119	383.931
120	381.54
121	378.873
122	375.939
123	372.756
124	369.342
125	365.718
126	361.901
127	357.906
128	353.748
129	349.436
130	344.98
131	340.388
132	335.666
133	330.819
134	325.854
135	320.773
136	315.582
137	310.282
138	304.878
139	299.371
140	293.765
141	288.061
142	282.262
143	276.37
144	270.385
145	264.31
146	258.145
147	251.89
148	245.548
149	239.117
150	232.598
151	225.989
152	219.29
153	212.498
154	205.61
155	198.623
156	191.529
157	184.322
158	176.991
159	169.526
160	161.912
161	154.132
162	146.17
163	138.012
164	129.653
165	121.097
166	112.364
167	103.488
168	94.5112
169	85.4743
170	76.4062
171	67.3205
172	58.218
173	49.0943
174	39.9499
175	30.7981
176	21.6679
177	12.5994
178	3.63486
179	-5.19139
180	-13.8589
181	-22.3621
182	-30.7073
183	-38.9079
184	-46.9801
185	-54.9399
186	-62.8017
187	-70.5772
188	-78.2759
189	-85.9054
190	-93.471
191	-100.977
192	-108.426
193	-115.82
194	-123.16
195	-130.447
196	-137.681
197	-144.861
198	-151.987
199	-159.057
200	-166.071
201	-173.025
202	-179.92
203	-186.752
204	-193.519
205	-200.219
206	-206.848
207	-213.405
208	-219.884
209	-226.283
210	-232.598
211	-238.823
212	-244.954
213	-250.984
214	-256.907
215	-262.714
216	-268.395
217	-273.94
218	-279.334
219	-284.562
220	-289.606
221	-294.446
222	-299.06
223	-303.433
224	-307.553
225	-311.423
226	-315.057
227	-318.487
228	-321.751
229	-324.885
230	-327.915
231	-330.851
232	-333.69
233	-336.424
234	-339.049
235	-341.576
236	-344.03
237	-346.447
238	-348.867
239	-351.32
240	-353.823
241	-356.378
242	-358.976
243	-361.6
244	-364.23
245	-366.847
246	-369.434
247	-371.975
248	-374.459
249	-376.874
250	-379.211
251	-381.465
252	-383.628
253	-385.696
254	-387.666
255	-389.533
256	-391.295
257	-392.949
258	-394.494
259	-395.928
260	-397.25
261	-398.459
262	-399.554
263	-400.535
264	-401.402
265	-402.156
266	-402.795
267	-403.323
268	-403.739
269	-404.046
270	-404.245
271	-404.34
272	-404.333
273	-404.229
274	-404.033
275	-403.752
276	-403.393
277	-402.966
278	-402.483
279	-401.958
280	-401.409
281	-400.854
282	-400.311
283	-399.798
284	-399.323
285	-398.884
286	-398.463
287	-398.029
288	-397.543
289	-396.967
290	-396.276
291	-395.458
292	-394.517
293	-393.458
294	-392.286
295	-390.989
296	-389.542
297	-387.908
298	-386.048
299	-383.931
300	-381.54
301	-378.873
302	-375.939
303	-372.756
304	-369.342
305	-365.718
306	-361.901
307	-357.906
308	-353.748
309	-349.436
310	-344.98
311	-340.388
312	-335.666
313	-330.819
314	-325.854
315	-320.773
316	-315.582
317	-310.282
318	-304.878
319	-299.371
320	-293.765
321	-288.061
322	-282.262
323	-276.37
324	-270.385
325	-264.31
326	-258.145
327	-251.89
328	-245.548
329	-239.117
330	-232.598
331	-225.989
332	-219.29
333	-212.498
334	-205.61
335	-198.622
336	-191.529
337	-184.322
338	-176.991
339	-169.526
340	-161.912
341	-154.132
342	-146.17
343	-138.012
344	-129.653
345	-121.097
346	-112.364
347	-103.488
348	-94.5112
349	-85.4743
350	-76.4062
351	-67.3205
352	-58.218
353	-49.0943
354	-39.9499
355	-30.7981
356	-21.6679
357	-12.5994
358	-3.63486
359	5.19139
360	13.8589
Phase Voltage va
0	367.682
1	378.74
2	389.683
3	400.507
4	411.21
5	421.787
6	432.236
7	442.553
8	452.735
9	462.779
10	472.682
11	482.442
12	492.054
13	501.516
14	510.826
15	519.98
16	528.976
17	537.811
18	546.481
19	554.986
20	563.321
21	571.484
22	579.474
23	587.287
24	594.921
25	602.374
26	609.644
27	616.727
28	623.623
29	630.329
30	636.843
31	643.163
32	649.287
33	655.213
34	660.94
35	666.465
36	671.788
37	676.905
38	681.817
39	686.521
40	691.015
41	695.299
42	699.372
43	703.231
44	706.876
45	710.306
46	713.52
47	716.516
48	719.294
49	721.852
50	724.191
51	726.31
52	728.207
53	729.882
54	731.335
55	732.565
56	733.572
57	734.355
58	734.915
59	735.251
60	735.363
61	735.251
62	734.915
63	734.355
64	733.572
65	732.565
66	731.335
67	729.882
68	728.207
69	726.31
70	724.191
71	721.852
72	719.294
73	716.516
74	713.52
75	710.306
76	706.876
77	703.231
78	699.372
79	695.299
80	691.015
81	686.521
82	681.817
83	676.905
84	671.788
85	666.465
86	660.94
87	655.213
88	649.287
89	643.163
90	636.843
91	630.329
92	623.623
93	616.727
94	609.644
95	602.374
96	594.921
97	587.287
98	579.474
99	571.484
100	563.321
101	554.986
102	546.481
103	537.811
104	528.976
105	519.98
106	510.826
107	501.516
108	492.054
109	482.442
110	472.682
111	462.779
112	452.735
113	442.553
114	432.236
115	421.787
116	411.21
117	400.507
118	389.683
119	378.74
120	367.682
121	356.511
122	345.232
123	333.848
124	322.362
125	310.778
126	299.099
127	287.329
128	275.472
129	263.531
130	251.509
131	239.411
132	227.24
133	214.999
134	202.694
135	190.326
136	177.9
137	165.421
138	152.891
139	140.314
140	127.694
141	115.036
142	102.343
143	89.6182
144	76.8664
145	64.0911
146	51.2963
147	38.4859
148	25.6638
149	12.8339
150	-2.27374e-013
151	-12.8339
152	-25.6638
153	-38.4859
154	-51.2963
155	-64.0911
156	-76.8664
157	-89.6182
158	-102.343
159	-115.036
160	-127.694
161	-140.314
162	-152.891
163	-165.421
164	-177.9
165	-190.326
166	-202.694
167	-214.999
168	-227.24
169	-239.411
170	-251.509
171	-263.531
172	-275.472
173	-287.329
174	-299.099
175	-310.778
176	-322.362
177	-333.848
178	-345.232
179	-356.511
180	-367.682
181	-378.74
182	-389.683
183	-400.507
184	-411.21
185	-421.787
186	-432.236
187	-442.553
188	-452.735
189	-462.779
190	-472.682
191	-482.442
192	-492.054
193	-501.516
194	-510.826
195	-519.98
196	-528.976
197	-537.811
198	-546.481
199	-554.986
200	-563.321
201	-571.484
202	-579.474
203	-587.287
204	-594.921
205	-602.374
206	-609.644
207	-616.727
208	-623.623
209	-630.329
210	-636.843
211	-643.163
212	-649.287
213	-655.213
214	-660.94
215	-666.465
216	-671.788
217	-676.905
218	-681.817
219	-686.521
220	-691.015
221	-695.299
222	-699.372
223	-703.231
224	-706.876
225	-710.306
226	-713.52
227	-716.516
228	-719.294
229	-721.852
230	-724.191
231	-726.31
232	-728.207
233	-729.882
234	-731.335
235	-732.565
236	-733.572
237	-734.355
238	-734.915
239	-735.251
240	-735.363
241	-735.251
242	-734.915
243	-734.355
244	-733.572
245	-732.565
246	-731.335
247	-729.882
248	-728.207
249	-726.31
250	-724.191
251	-721.852
252	-719.294
253	-716.516
254	-713.52
255	-710.306
256	-706.876
257	-703.231
258	-699.372
259	-695.299
260	-691.015
261	-686.521
262	-681.817
263	-676.905
264	-671.788
265	-666.465
266	-660.94
267	-655.213
268	-649.287
269	-643.163
270	-636.843
271	-630.329
272	-623.623
273	-616.727
274	-609.644
275	-602.374
276	-594.921
277	-587.287
278	-579.474
279	-571.484
280	-563.321
281	-554.986
282	-546.481
283	-537.811
284	-528.976
285	-519.98
286	-510.826
287	-501.516
288	-492.054
289	-482.442
290	-472.682
291	-462.779
292	-452.735
293	-442.553
294	-432.236
295	-421.787
296	-411.21
297	-400.507
298	-389.683
299	-378.74
300	-367.682
301	-356.511
302	-345.232
303	-333.848
304	-322.362
305	-310.778
306	-299.099
307	-287.329
308	-275.472
309	-263.531
310	-251.509
311	-239.411
312	-227.24
313	-214.999
314	-202.694
315	-190.326
316	-177.9
317	-165.421
318	-152.891
319	-140.314
320	-127.694
321	-115.036
322	-102.343
323	-89.6182
324	-76.8664
325	-64.0911
326	-51.2963
327	-38.4859
328	-25.6638
329	-12.8339
330	-7.10543e-013
331	12.8339
332	25.6638
333	38.4859
334	51.2963
335	64.0911
336	76.8664
337	89.6182
338	102.343
339	115.036
340	127.694
341	140.314
342	152.891
343	165.421
344	177.9
345	190.326
346	202.694
347	214.999
348	227.24
349	239.411
350	251.509
351	263.531
352	275.472
353	287.329
354	299.099
355	310.778
356	322.362
357	333.848
358	345.232
359	356.511
360	367.682
Line Voltage vab
