Induced Coil Voltages at Rated Speed
Electric Degree
(Volts)
0	-0.000000
1	-0.062363
2	-0.124504
3	-0.186044
4	-0.246365
5	-0.304620
6	-0.359858
7	-0.411191
8	-0.457954
9	-0.499793
10	-0.536671
11	-0.568817
12	-0.596634
13	-0.620616
14	-0.641280
15	-0.659115
16	-0.674564
17	-0.688006
18	-0.699765
19	-0.710106
20	-0.719248
21	-0.727371
22	-0.734623
23	-0.741123
24	-0.746972
25	-0.752253
26	-0.757034
27	-0.761373
28	-0.765322
29	-0.768922
30	-0.772211
31	-0.775219
32	-0.777976
33	-0.780504
34	-0.782827
35	-0.784963
36	-0.786929
37	-0.788741
38	-0.790411
39	-0.791953
40	-0.793377
41	-0.794694
42	-0.795911
43	-0.797037
44	-0.798081
45	-0.799047
46	-0.799943
47	-0.800774
48	-0.801545
49	-0.802260
50	-0.802925
51	-0.803542
52	-0.804115
53	-0.804648
54	-0.805144
55	-0.805605
56	-0.806034
57	-0.806432
58	-0.806804
59	-0.807149
60	-0.807471
61	-0.807771
62	-0.808050
63	-0.808310
64	-0.808553
65	-0.808779
66	-0.808989
67	-0.809185
68	-0.809368
69	-0.809539
70	-0.809698
71	-0.809846
72	-0.809984
73	-0.810113
74	-0.810233
75	-0.810346
76	-0.810450
77	-0.810548
78	-0.810639
79	-0.810724
80	-0.810803
81	-0.810877
82	-0.810946
83	-0.811011
84	-0.811071
85	-0.811127
86	-0.811180
87	-0.811229
88	-0.811274
89	-0.811317
90	-0.811357
91	-0.811317
92	-0.811274
93	-0.811229
94	-0.811180
95	-0.811127
96	-0.811071
97	-0.811011
98	-0.810946
99	-0.810877
100	-0.810803
101	-0.810724
102	-0.810639
103	-0.810548
104	-0.810450
105	-0.810346
106	-0.810233
107	-0.810113
108	-0.809984
109	-0.809846
110	-0.809698
111	-0.809539
112	-0.809368
113	-0.809185
114	-0.808989
115	-0.808779
116	-0.808553
117	-0.808310
118	-0.808050
119	-0.807771
120	-0.807471
121	-0.807149
122	-0.806804
123	-0.806432
124	-0.806034
125	-0.805605
126	-0.805144
127	-0.804648
128	-0.804115
129	-0.803542
130	-0.802925
131	-0.802260
132	-0.801545
133	-0.800774
134	-0.799943
135	-0.799047
136	-0.798081
137	-0.797037
138	-0.795911
139	-0.794694
140	-0.793377
141	-0.791953
142	-0.790411
143	-0.788741
144	-0.786929
145	-0.784963
146	-0.782827
147	-0.780504
148	-0.777976
149	-0.775219
150	-0.772211
151	-0.768922
152	-0.765322
153	-0.761373
154	-0.757034
155	-0.752253
156	-0.746972
157	-0.741123
158	-0.734623
159	-0.727371
160	-0.719248
161	-0.710106
162	-0.699765
163	-0.688006
164	-0.674564
165	-0.659115
166	-0.641280
167	-0.620616
168	-0.596634
169	-0.568817
170	-0.536671
171	-0.499793
172	-0.457954
173	-0.411191
174	-0.359858
175	-0.304620
176	-0.246365
177	-0.186044
178	-0.124504
179	-0.062363
180	-0.000000
181	0.062363
182	0.124504
183	0.186044
184	0.246365
185	0.304620
186	0.359858
187	0.411191
188	0.457954
189	0.499793
190	0.536671
191	0.568817
192	0.596634
193	0.620616
194	0.641280
195	0.659115
196	0.674564
197	0.688006
198	0.699765
199	0.710106
200	0.719248
201	0.727371
202	0.734623
203	0.741123
204	0.746972
205	0.752253
206	0.757034
207	0.761373
208	0.765322
209	0.768922
210	0.772211
211	0.775219
212	0.777976
213	0.780504
214	0.782827
215	0.784963
216	0.786929
217	0.788741
218	0.790411
219	0.791953
220	0.793377
221	0.794694
222	0.795911
223	0.797037
224	0.798081
225	0.799047
226	0.799943
227	0.800774
228	0.801545
229	0.802260
230	0.802925
231	0.803542
232	0.804115
233	0.804648
234	0.805144
235	0.805605
236	0.806034
237	0.806432
238	0.806804
239	0.807149
240	0.807471
241	0.807771
242	0.808050
243	0.808310
244	0.808553
245	0.808779
246	0.808989
247	0.809185
248	0.809368
249	0.809539
250	0.809698
251	0.809846
252	0.809984
253	0.810113
254	0.810233
255	0.810346
256	0.810450
257	0.810548
258	0.810639
259	0.810724
260	0.810803
261	0.810877
262	0.810946
263	0.811011
264	0.811071
265	0.811127
266	0.811180
267	0.811229
268	0.811274
269	0.811317
270	0.811357
271	0.811317
272	0.811274
273	0.811229
274	0.811180
275	0.811127
276	0.811071
277	0.811011
278	0.810946
279	0.810877
280	0.810803
281	0.810724
282	0.810639
283	0.810548
284	0.810450
285	0.810346
286	0.810233
287	0.810113
288	0.809984
289	0.809846
290	0.809698
291	0.809539
292	0.809368
293	0.809185
294	0.808989
295	0.808779
296	0.808553
297	0.808310
298	0.808050
299	0.807771
300	0.807471
301	0.807149
302	0.806804
303	0.806432
304	0.806034
305	0.805605
306	0.805144
307	0.804648
308	0.804115
309	0.803542
310	0.802925
311	0.802260
312	0.801545
313	0.800774
314	0.799943
315	0.799047
316	0.798081
317	0.797037
318	0.795911
319	0.794694
320	0.793377
321	0.791953
322	0.790411
323	0.788741
324	0.786929
325	0.784963
326	0.782827
327	0.780504
328	0.777976
329	0.775219
330	0.772211
331	0.768922
332	0.765322
333	0.761373
334	0.757034
335	0.752253
336	0.746972
337	0.741123
338	0.734623
339	0.727371
340	0.719248
341	0.710106
342	0.699765
343	0.688006
344	0.674564
345	0.659115
346	0.641280
347	0.620616
348	0.596634
349	0.568817
350	0.536671
351	0.499793
352	0.457954
353	0.411191
354	0.359858
355	0.304620
356	0.246365
357	0.186044
358	0.124504
359	0.062363
360	0.000000
One-Conductor Voltage
0	0.772211
1	0.706559
2	0.640819
3	0.575329
4	0.510668
5	0.447632
6	0.387114
7	0.329932
8	0.276669
9	0.227579
10	0.182577
11	0.141289
12	0.103131
13	0.067390
14	0.033284
15	0.000000
16	-0.033284
17	-0.067390
18	-0.103131
19	-0.141289
20	-0.182577
21	-0.227579
22	-0.276669
23	-0.329932
24	-0.387114
25	-0.447632
26	-0.510668
27	-0.575329
28	-0.640819
29	-0.706559
30	-0.772211
31	-0.837582
32	-0.902479
33	-0.966549
34	-1.029192
35	-1.089583
36	-1.146787
37	-1.199932
38	-1.248366
39	-1.291746
40	-1.330049
41	-1.363510
42	-1.392545
43	-1.417654
44	-1.439361
45	-1.458163
46	-1.474507
47	-1.488780
48	-1.501310
49	-1.512366
50	-1.522173
51	-1.530913
52	-1.538738
53	-1.545772
54	-1.552116
55	-1.557857
56	-1.563067
57	-1.567806
58	-1.572126
59	-1.576072
60	-1.579682
61	-1.582990
62	-1.586026
63	-1.588815
64	-1.591380
65	-1.593742
66	-1.595918
67	-1.597926
68	-1.599779
69	-1.601492
70	-1.603075
71	-1.604539
72	-1.605895
73	-1.607151
74	-1.608314
75	-1.609393
76	-1.610393
77	-1.611322
78	-1.612184
79	-1.612984
80	-1.613728
81	-1.614419
82	-1.615062
83	-1.615659
84	-1.616215
85	-1.616732
86	-1.617213
87	-1.617661
88	-1.618078
89	-1.618466
90	-1.618828
91	-1.619088
92	-1.619325
93	-1.619539
94	-1.619732
95	-1.619906
96	-1.620060
97	-1.620196
98	-1.620315
99	-1.620416
100	-1.620501
101	-1.620570
102	-1.620623
103	-1.620661
104	-1.620684
105	-1.620691
106	-1.620684
107	-1.620661
108	-1.620623
109	-1.620570
110	-1.620501
111	-1.620416
112	-1.620315
113	-1.620196
114	-1.620060
115	-1.619906
116	-1.619732
117	-1.619539
118	-1.619325
119	-1.619088
120	-1.618828
121	-1.618466
122	-1.618078
123	-1.617661
124	-1.617213
125	-1.616732
126	-1.616215
127	-1.615659
128	-1.615062
129	-1.614419
130	-1.613728
131	-1.612984
132	-1.612184
133	-1.611322
134	-1.610393
135	-1.609393
136	-1.608314
137	-1.607151
138	-1.605895
139	-1.604539
140	-1.603075
141	-1.601492
142	-1.599779
143	-1.597926
144	-1.595918
145	-1.593742
146	-1.591380
147	-1.588815
148	-1.586026
149	-1.582990
150	-1.579682
151	-1.576072
152	-1.572126
153	-1.567806
154	-1.563067
155	-1.557857
156	-1.552116
157	-1.545772
158	-1.538738
159	-1.530913
160	-1.522173
161	-1.512366
162	-1.501310
163	-1.488780
164	-1.474507
165	-1.458163
166	-1.439361
167	-1.417654
168	-1.392545
169	-1.363510
170	-1.330049
171	-1.291746
172	-1.248366
173	-1.199932
174	-1.146787
175	-1.089583
176	-1.029192
177	-0.966549
178	-0.902479
179	-0.837582
180	-0.772211
181	-0.706559
182	-0.640819
183	-0.575329
184	-0.510668
185	-0.447632
186	-0.387114
187	-0.329932
188	-0.276669
189	-0.227579
190	-0.182577
191	-0.141289
192	-0.103131
193	-0.067390
194	-0.033284
195	0.000000
196	0.033284
197	0.067390
198	0.103131
199	0.141289
200	0.182577
201	0.227579
202	0.276669
203	0.329932
204	0.387114
205	0.447632
206	0.510668
207	0.575329
208	0.640819
209	0.706559
210	0.772211
211	0.837582
212	0.902479
213	0.966549
214	1.029192
215	1.089583
216	1.146787
217	1.199932
218	1.248366
219	1.291746
220	1.330049
221	1.363510
222	1.392545
223	1.417654
224	1.439361
225	1.458163
226	1.474507
227	1.488780
228	1.501310
229	1.512366
230	1.522173
231	1.530913
232	1.538738
233	1.545772
234	1.552116
235	1.557857
236	1.563067
237	1.567806
238	1.572126
239	1.576072
240	1.579682
241	1.582990
242	1.586026
243	1.588815
244	1.591380
245	1.593742
246	1.595918
247	1.597926
248	1.599779
249	1.601492
250	1.603075
251	1.604539
252	1.605895
253	1.607151
254	1.608314
255	1.609393
256	1.610393
257	1.611322
258	1.612184
259	1.612984
260	1.613728
261	1.614419
262	1.615062
263	1.615659
264	1.616215
265	1.616732
266	1.617213
267	1.617661
268	1.618078
269	1.618466
270	1.618828
271	1.619088
272	1.619325
273	1.619539
274	1.619732
275	1.619906
276	1.620060
277	1.620196
278	1.620315
279	1.620416
280	1.620501
281	1.620570
282	1.620623
283	1.620661
284	1.620684
285	1.620691
286	1.620684
287	1.620661
288	1.620623
289	1.620570
290	1.620501
291	1.620416
292	1.620315
293	1.620196
294	1.620060
295	1.619906
296	1.619732
297	1.619539
298	1.619325
299	1.619088
300	1.618828
301	1.618466
302	1.618078
303	1.617661
304	1.617213
305	1.616732
306	1.616215
307	1.615659
308	1.615062
309	1.614419
310	1.613728
311	1.612984
312	1.612184
313	1.611322
314	1.610393
315	1.609393
316	1.608314
317	1.607151
318	1.605895
319	1.604539
320	1.603075
321	1.601492
322	1.599779
323	1.597926
324	1.595918
325	1.593742
326	1.591380
327	1.588815
328	1.586026
329	1.582990
330	1.579682
331	1.576072
332	1.572126
333	1.567806
334	1.563067
335	1.557857
336	1.552116
337	1.545772
338	1.538738
339	1.530913
340	1.522173
341	1.512366
342	1.501310
343	1.488780
344	1.474507
345	1.458163
346	1.439361
347	1.417654
348	1.392545
349	1.363510
350	1.330049
351	1.291746
352	1.248366
353	1.199932
354	1.146787
355	1.089583
356	1.029192
357	0.966549
358	0.902479
359	0.837582
360	0.772211
One-Turn Voltage
