Winding Currents under Load 
Electric Degree
(Amperes)
0	16.7377
1	17.6294
2	16.9628
3	17.0242
4	17.1225
5	17.2213
6	17.321
7	17.4218
8	17.524
9	17.6281
10	17.7345
11	17.8435
12	17.9556
13	18.0716
14	18.1919
15	18.3176
16	18.4494
17	18.5884
18	18.7361
19	18.8937
20	19.063
21	19.2457
22	19.4437
23	19.6588
24	19.8928
25	20.1471
26	20.4229
27	20.721
28	21.0419
29	21.386
29	5.49802e-011
30	1.96217
31	3.87079
32	5.72496
33	7.52531
34	9.27289
35	10.981
36	12.6727
37	13.4533
38	13.7131
39	13.9392
40	14.1491
41	14.3448
42	14.528
43	14.7002
44	14.8628
45	15.0168
46	15.1633
47	15.3031
48	15.4369
49	15.5654
50	15.6889
51	15.8081
52	15.9233
53	16.0349
54	16.1432
55	16.2485
56	16.3511
57	16.4512
58	16.5492
59	16.6452
60	16.7396
61	16.8325
62	16.9242
63	17.0215
64	17.1198
65	17.2186
66	17.3183
67	17.4191
68	17.5214
69	17.6255
70	17.7318
71	17.8408
72	17.953
73	18.0689
74	18.1893
75	18.315
76	18.4468
77	18.5859
78	18.7335
79	18.8912
80	19.0605
81	19.2432
82	19.4412
83	19.6563
84	19.8903
85	20.1446
86	20.4204
87	20.7185
88	21.0395
89	21.3835
89	5.49782e-011
90	1.96217
91	3.8708
92	5.72496
93	7.52531
94	9.27289
95	10.981
96	12.6727
97	13.4521
98	13.7119
99	13.938
100	14.1479
101	14.3436
102	14.5268
103	14.699
104	14.8616
105	15.0157
106	15.1622
107	15.302
108	15.4358
109	15.5642
110	15.6878
111	15.807
112	15.9222
113	16.0338
114	16.142
115	16.2473
116	16.3499
117	16.4501
118	16.5481
119	16.6441
120	16.7385
121	16.8314
122	16.9231
123	17.0204
124	17.1187
125	17.2175
126	17.3172
127	17.418
128	17.5203
129	17.6244
130	17.7308
131	17.8398
132	17.952
133	18.0679
134	18.1883
135	18.3139
136	18.4458
137	18.5849
138	18.7325
139	18.8902
140	19.0595
141	19.2422
142	19.4402
143	19.6553
144	19.8893
145	20.1436
146	20.4195
147	20.7176
148	21.0385
149	21.3825
149	5.49803e-011
150	1.96217
151	3.8708
152	5.72496
153	7.52531
154	9.2729
155	10.981
156	12.6727
157	13.4517
158	13.7114
159	13.9376
160	14.1475
161	14.3432
162	14.5264
163	14.6986
164	14.8611
165	15.0152
166	15.1617
167	15.3015
168	15.4353
169	15.5638
170	15.6873
171	15.8065
172	15.9217
173	16.0333
174	16.1416
175	16.2469
176	16.3495
177	16.4497
178	16.5476
179	16.6437
180	16.738
181	16.8309
182	16.9227
183	17.02
184	17.1183
185	17.2171
186	17.3168
187	17.4176
188	17.5199
189	17.624
190	17.7304
191	17.8394
192	17.9515
193	18.0675
194	18.1879
195	18.3135
196	18.4454
197	18.5845
198	18.7321
199	18.8898
200	19.0591
201	19.2418
202	19.4398
203	19.6549
204	19.8889
205	20.1432
206	20.4191
207	20.7172
208	21.0381
209	21.3822
209	5.49818e-011
210	1.96217
211	3.8708
212	5.72496
213	7.52531
214	9.2729
215	10.981
216	12.6728
217	13.4515
218	13.7112
219	13.9374
220	14.1473
221	14.343
222	14.5262
223	14.6984
224	14.861
225	15.015
226	15.1615
227	15.3013
228	15.4351
229	15.5636
230	15.6872
231	15.8063
232	15.9215
233	16.0331
234	16.1414
235	16.2467
236	16.3493
237	16.4495
238	16.5475
239	16.6435
240	16.7378
241	16.8308
242	16.9225
243	17.0198
244	17.1181
245	17.2169
246	17.3166
247	17.4174
248	17.5197
249	17.6238
250	17.7302
251	17.8392
252	17.9514
253	18.0673
254	18.1877
255	18.3134
256	18.4452
257	18.5843
258	18.7319
259	18.8896
260	19.0589
261	19.2416
262	19.4396
263	19.6548
264	19.8888
265	20.1431
266	20.4189
267	20.717
268	21.0379
269	21.382
269	5.49889e-011
270	1.96217
271	3.8708
272	5.72496
273	7.52531
274	9.2729
275	10.981
276	12.6728
277	13.4514
278	13.7111
279	13.9373
280	14.1472
281	14.3429
282	14.5261
283	14.6983
284	14.8609
285	15.0149
286	15.1614
287	15.3013
288	15.4351
289	15.5635
290	15.6871
291	15.8063
292	15.9215
293	16.0331
294	16.1413
295	16.2467
296	16.3493
297	16.4494
298	16.5474
299	16.6434
300	16.7378
301	16.8307
302	16.9224
303	17.0198
304	17.118
305	17.2169
306	17.3165
307	17.4174
308	17.5197
309	17.6238
310	17.7301
311	17.8391
312	17.9513
313	18.0673
314	18.1877
315	18.3133
316	18.4451
317	18.5842
318	18.7319
319	18.8895
320	19.0588
321	19.2415
322	19.4396
323	19.6547
324	19.8887
325	20.143
326	20.4188
327	20.717
328	21.0379
329	21.3819
329	5.49818e-011
330	1.96217
331	3.8708
332	5.72496
333	7.52532
334	9.2729
335	10.981
336	12.6728
337	13.4514
338	13.7111
339	13.9373
340	14.1472
341	14.3429
342	14.5261
343	14.6983
344	14.8608
345	15.0149
346	15.1614
347	15.3012
348	15.435
349	15.5635
350	15.6871
351	15.8062
352	15.9214
353	16.033
354	16.1413
355	16.2466
356	16.3492
357	16.4494
358	16.5474
359	16.6434
360	16.7377
Source Current
0	2.6e-010
1	1.59794
2	-3.25013e-011
3	2.29396e-010
4	2.19415e-010
5	2.09716e-010
6	2.00437e-010
7	1.917e-010
8	1.83597e-010
9	1.76169e-010
10	1.69405e-010
11	1.63253e-010
12	1.5763e-010
13	1.52434e-010
14	1.47556e-010
15	1.42883e-010
16	1.38303e-010
17	1.33706e-010
18	1.28987e-010
19	1.24045e-010
20	1.18789e-010
21	1.13144e-010
22	1.0706e-010
23	1.00522e-010
24	9.35535e-011
25	8.62159e-011
26	7.85987e-011
27	7.07997e-011
28	6.29061e-011
29	5.49802e-011
30	1.96217
31	3.87079
32	5.72496
33	7.52531
34	9.27289
35	10.981
36	12.6727
37	13.4533
38	13.7131
39	13.9392
40	14.1491
41	14.3448
42	14.528
43	14.7002
44	14.8628
45	15.0168
46	15.1633
47	15.3031
48	15.4369
49	15.5654
50	15.6889
51	15.8081
52	15.9233
53	16.0349
54	16.1432
55	16.2485
56	16.3511
57	16.4512
58	16.5492
59	16.6452
60	16.7396
61	16.8325
62	16.9242
63	17.0215
64	17.1198
65	17.2186
66	17.3183
67	17.4191
68	17.5214
69	17.6255
70	17.7318
71	17.8408
72	17.953
73	18.0689
74	18.1893
75	18.315
76	18.4468
77	18.5859
78	18.7335
79	18.8912
80	19.0605
81	19.2432
82	19.4412
83	19.6563
84	19.8903
85	20.1446
86	20.4204
87	20.7185
88	21.0395
89	21.3835
90	20.2398
91	19.1144
92	17.9939
93	16.8787
94	15.7691
95	14.6786
96	13.622
97	13.4521
98	13.7119
99	13.938
100	14.1479
101	14.3436
102	14.5268
103	14.699
104	14.8616
105	15.0157
106	15.1622
107	15.302
108	15.4358
109	15.5642
110	15.6878
111	15.807
112	15.9222
113	16.0338
114	16.142
115	16.2473
116	16.3499
117	16.4501
118	16.5481
119	16.6441
120	16.7385
121	16.8314
122	16.9231
123	17.0204
124	17.1187
125	17.2175
126	17.3172
127	17.418
128	17.5203
129	17.6244
130	17.7308
131	17.8398
132	17.952
133	18.0679
134	18.1883
135	18.3139
136	18.4458
137	18.5849
138	18.7325
139	18.8902
140	19.0595
141	19.2422
142	19.4402
143	19.6553
144	19.8893
145	20.1436
146	20.4195
147	20.7176
148	21.0385
149	21.3825
150	18.2766
151	15.2426
152	12.268
153	9.35244
154	6.49522
155	3.69669
156	0.94835
157	-2.71662e-010
158	1.08567e-010
159	1.14552e-010
160	1.20102e-010
161	1.25267e-010
162	1.30122e-010
163	1.34756e-010
164	1.3927e-010
165	1.4377e-010
166	1.48364e-010
167	1.53164e-010
168	1.58282e-010
169	1.63828e-010
170	1.69904e-010
171	1.76594e-010
172	1.8395e-010
173	1.91985e-010
174	2.00657e-010
175	2.09879e-010
176	2.19526e-010
177	2.29465e-010
178	2.39575e-010
179	2.4977e-010
180	-2.6e-010
181	-2.49761e-010
182	-2.39539e-010
183	-2.29396e-010
184	-2.19415e-010
185	-2.09716e-010
186	-2.00437e-010
187	-1.917e-010
188	-1.83597e-010
189	-1.76169e-010
190	-1.69405e-010
191	-1.63253e-010
192	-1.5763e-010
193	-1.52435e-010
194	-1.47556e-010
195	-1.42883e-010
196	-1.38303e-010
197	-1.33706e-010
198	-1.28988e-010
199	-1.24045e-010
200	-1.18789e-010
201	-1.13144e-010
202	-1.0706e-010
203	-1.00522e-010
204	-9.35535e-011
205	-8.6216e-011
206	-7.85987e-011
207	-7.07997e-011
208	-6.29062e-011
209	-5.49803e-011
210	-1.96217
211	-3.8708
212	-5.72496
213	-7.52531
214	-9.2729
215	-10.981
216	-12.6728
217	-13.4515
218	-13.7112
219	-13.9374
220	-14.1473
221	-14.343
222	-14.5262
223	-14.6984
224	-14.861
225	-15.015
226	-15.1615
227	-15.3013
228	-15.4351
229	-15.5636
230	-15.6872
231	-15.8063
232	-15.9215
233	-16.0331
234	-16.1414
235	-16.2467
236	-16.3493
237	-16.4495
238	-16.5475
239	-16.6435
240	-16.7378
241	-16.8308
242	-16.9225
243	-17.0198
244	-17.1181
245	-17.2169
246	-17.3166
247	-17.4174
248	-17.5197
249	-17.6238
250	-17.7302
251	-17.8392
252	-17.9514
253	-18.0673
254	-18.1877
255	-18.3134
256	-18.4452
257	-18.5843
258	-18.7319
259	-18.8896
260	-19.0589
261	-19.2416
262	-19.4396
263	-19.6548
264	-19.8888
265	-20.1431
266	-20.4189
267	-20.717
268	-21.0379
269	-21.382
270	-20.2382
271	-19.1129
272	-17.9924
273	-16.8772
274	-15.7676
275	-14.6772
276	-13.6206
277	-13.4514
278	-13.7111
279	-13.9373
280	-14.1472
281	-14.3429
282	-14.5261
283	-14.6983
284	-14.8609
285	-15.0149
286	-15.1614
287	-15.3013
288	-15.4351
289	-15.5635
290	-15.6871
291	-15.8063
292	-15.9215
293	-16.0331
294	-16.1413
295	-16.2467
296	-16.3493
297	-16.4494
298	-16.5474
299	-16.6434
300	-16.7378
301	-16.8307
302	-16.9224
303	-17.0198
304	-17.118
305	-17.2169
306	-17.3165
307	-17.4174
308	-17.5197
309	-17.6238
310	-17.7301
311	-17.8391
312	-17.9513
313	-18.0673
314	-18.1877
315	-18.3133
316	-18.4451
317	-18.5842
318	-18.7319
319	-18.8895
320	-19.0588
321	-19.2415
322	-19.4396
323	-19.6547
324	-19.8887
325	-20.143
326	-20.4188
327	-20.717
328	-21.0379
329	-21.3819
330	-18.276
331	-15.242
332	-12.2674
333	-9.35184
334	-6.49463
335	-3.69609
336	-0.947758
337	2.71754e-010
338	-1.08567e-010
339	-1.14552e-010
340	-1.20102e-010
341	-1.25267e-010
342	-1.30122e-010
343	-1.34756e-010
344	-1.3927e-010
345	-1.4377e-010
346	-1.48364e-010
347	-1.53164e-010
348	-1.58282e-010
349	-1.63828e-010
350	-1.69904e-010
351	-1.76594e-010
352	-1.8395e-010
353	-1.91985e-010
354	-2.00657e-010
355	-2.09879e-010
356	-2.19526e-010
357	-2.29465e-010
358	-2.39575e-010
359	-2.4977e-010
360	2.6e-010
Phase Current ia
0	-16.7377
1	-17.6294
2	-16.9628
3	-17.0242
4	-17.1225
5	-17.2213
6	-17.321
7	-17.4218
8	-17.524
9	-17.6281
10	-17.7345
11	-17.8435
12	-17.9556
13	-18.0716
14	-18.1919
15	-18.3176
16	-18.4494
17	-18.5884
18	-18.7361
19	-18.8937
20	-19.063
21	-19.2457
22	-19.4437
23	-19.6588
24	-19.8928
25	-20.1471
26	-20.4229
27	-20.721
28	-21.0419
29	-21.386
30	-20.2422
31	-19.1168
32	-17.9963
33	-16.8811
34	-15.7715
35	-14.681
36	-13.6244
37	-13.4533
38	-13.7131
39	-13.9392
40	-14.1491
41	-14.3448
42	-14.528
43	-14.7002
44	-14.8628
45	-15.0168
46	-15.1633
47	-15.3031
48	-15.4369
49	-15.5654
50	-15.6889
51	-15.8081
52	-15.9233
53	-16.0349
54	-16.1432
55	-16.2485
56	-16.3511
57	-16.4512
58	-16.5492
59	-16.6452
60	-16.7396
61	-16.8325
62	-16.9242
63	-17.0215
64	-17.1198
65	-17.2186
66	-17.3183
67	-17.4191
68	-17.5214
69	-17.6255
70	-17.7318
71	-17.8408
72	-17.953
73	-18.0689
74	-18.1893
75	-18.315
76	-18.4468
77	-18.5859
78	-18.7335
79	-18.8912
80	-19.0605
81	-19.2432
82	-19.4412
83	-19.6563
84	-19.8903
85	-20.1446
86	-20.4204
87	-20.7185
88	-21.0395
89	-21.3835
90	-18.2776
91	-15.2436
92	-12.2689
93	-9.3534
94	-6.49618
95	-3.69764
96	-0.949305
97	2.71515e-010
98	-1.08567e-010
99	-1.14553e-010
100	-1.20102e-010
101	-1.25267e-010
102	-1.30122e-010
103	-1.34756e-010
104	-1.3927e-010
105	-1.4377e-010
106	-1.48364e-010
107	-1.53164e-010
108	-1.58282e-010
109	-1.63828e-010
110	-1.69904e-010
111	-1.76594e-010
112	-1.8395e-010
113	-1.91985e-010
114	-2.00657e-010
115	-2.09879e-010
116	-2.19526e-010
117	-2.29465e-010
118	-2.39575e-010
119	-2.4977e-010
120	2.6e-010
121	2.49761e-010
122	2.39539e-010
123	2.29396e-010
124	2.19415e-010
125	2.09716e-010
126	2.00437e-010
127	1.917e-010
128	1.83597e-010
129	1.76169e-010
130	1.69405e-010
131	1.63253e-010
132	1.5763e-010
133	1.52435e-010
134	1.47556e-010
135	1.42883e-010
136	1.38303e-010
137	1.33706e-010
138	1.28988e-010
139	1.24045e-010
140	1.18789e-010
141	1.13144e-010
142	1.0706e-010
143	1.00522e-010
144	9.35535e-011
145	8.6216e-011
146	7.85987e-011
147	7.07997e-011
148	6.29061e-011
149	5.49803e-011
150	1.96217
151	3.8708
152	5.72496
153	7.52531
154	9.2729
155	10.981
156	12.6727
157	13.4517
158	13.7114
159	13.9376
160	14.1475
161	14.3432
162	14.5264
163	14.6986
164	14.8611
165	15.0152
166	15.1617
167	15.3015
168	15.4353
169	15.5638
170	15.6873
171	15.8065
172	15.9217
173	16.0333
174	16.1416
175	16.2469
176	16.3495
177	16.4497
178	16.5476
179	16.6437
180	16.738
181	16.8309
182	16.9227
183	17.02
184	17.1183
185	17.2171
186	17.3168
187	17.4176
188	17.5199
189	17.624
190	17.7304
191	17.8394
192	17.9515
193	18.0675
194	18.1879
195	18.3135
196	18.4454
197	18.5845
198	18.7321
199	18.8898
200	19.0591
201	19.2418
202	19.4398
203	19.6549
204	19.8889
205	20.1432
206	20.4191
207	20.7172
208	21.0381
209	21.3822
210	20.2384
211	19.113
212	17.9926
213	16.8774
214	15.7677
215	14.6773
216	13.6207
217	13.4515
218	13.7112
219	13.9374
220	14.1473
221	14.343
222	14.5262
223	14.6984
224	14.861
225	15.015
226	15.1615
227	15.3013
228	15.4351
229	15.5636
230	15.6872
231	15.8063
232	15.9215
233	16.0331
234	16.1414
235	16.2467
236	16.3493
237	16.4495
238	16.5475
239	16.6435
240	16.7378
241	16.8308
242	16.9225
243	17.0198
244	17.1181
245	17.2169
246	17.3166
247	17.4174
248	17.5197
249	17.6238
250	17.7302
251	17.8392
252	17.9514
253	18.0673
254	18.1877
255	18.3134
256	18.4452
257	18.5843
258	18.7319
259	18.8896
260	19.0589
261	19.2416
262	19.4396
263	19.6548
264	19.8888
265	20.1431
266	20.4189
267	20.717
268	21.0379
269	21.382
270	18.2761
271	15.2421
272	12.2674
273	9.3519
274	6.49469
275	3.69616
276	0.947819
277	-2.71744e-010
278	1.08567e-010
279	1.14552e-010
280	1.20102e-010
281	1.25267e-010
282	1.30122e-010
283	1.34756e-010
284	1.3927e-010
285	1.4377e-010
286	1.48364e-010
287	1.53164e-010
288	1.58282e-010
289	1.63828e-010
290	1.69904e-010
291	1.76594e-010
292	1.8395e-010
293	1.91985e-010
294	2.00657e-010
295	2.09879e-010
296	2.19526e-010
297	2.29465e-010
298	2.39575e-010
299	2.4977e-010
300	-2.6e-010
301	-2.49761e-010
302	-2.39539e-010
303	-2.29396e-010
304	-2.19415e-010
305	-2.09716e-010
306	-2.00437e-010
307	-1.917e-010
308	-1.83597e-010
309	-1.76169e-010
310	-1.69405e-010
311	-1.63253e-010
312	-1.5763e-010
313	-1.52435e-010
314	-1.47556e-010
315	-1.42883e-010
316	-1.38303e-010
317	-1.33706e-010
318	-1.28988e-010
319	-1.24045e-010
320	-1.18789e-010
321	-1.13144e-010
322	-1.0706e-010
323	-1.00522e-010
324	-9.35535e-011
325	-8.6216e-011
326	-7.85987e-011
327	-7.07997e-011
328	-6.29062e-011
329	-5.49803e-011
330	-1.96217
331	-3.8708
332	-5.72496
333	-7.52532
334	-9.2729
335	-10.981
336	-12.6728
337	-13.4514
338	-13.7111
339	-13.9373
340	-14.1472
341	-14.3429
342	-14.5261
343	-14.6983
344	-14.8608
345	-15.0149
346	-15.1614
347	-15.3012
348	-15.435
349	-15.5635
350	-15.6871
351	-15.8062
352	-15.9214
353	-16.033
354	-16.1413
355	-16.2466
356	-16.3492
357	-16.4494
358	-16.5474
359	-16.6434
360	-16.7377
Phase Current ib
0	16.7377
1	16.0314
2	16.9628
3	17.0242
4	17.1225
5	17.2213
6	17.321
7	17.4218
8	17.524
9	17.6281
10	17.7345
11	17.8435
12	17.9556
13	18.0716
14	18.1919
15	18.3176
16	18.4494
17	18.5884
18	18.7361
19	18.8937
20	19.063
21	19.2457
22	19.4437
23	19.6588
24	19.8928
25	20.1471
26	20.4229
27	20.721
28	21.0419
29	21.386
30	18.28
31	15.246
32	12.2714
33	9.35581
34	6.49858
35	3.70003
36	0.951698
37	-2.71143e-010
38	1.08567e-010
39	1.14554e-010
40	1.20107e-010
41	1.25265e-010
42	1.30122e-010
43	1.34753e-010
44	1.3927e-010
45	1.43771e-010
46	1.48361e-010
47	1.53165e-010
48	1.58284e-010
49	1.6383e-010
50	1.69905e-010
51	1.76593e-010
52	1.83952e-010
53	1.91978e-010
54	2.00654e-010
55	2.09877e-010
56	2.19526e-010
57	2.2947e-010
58	2.39574e-010
59	2.49766e-010
60	-2.59995e-010
61	-2.49759e-010
62	-2.39535e-010
63	-2.29395e-010
64	-2.19416e-010
65	-2.09713e-010
66	-2.00433e-010
67	-1.91701e-010
68	-1.83594e-010
69	-1.76168e-010
70	-1.69415e-010
71	-1.63251e-010
72	-1.5763e-010
73	-1.52443e-010
74	-1.47555e-010
75	-1.42887e-010
76	-1.38311e-010
77	-1.33706e-010
78	-1.28981e-010
79	-1.24043e-010
80	-1.18792e-010
81	-1.13143e-010
82	-1.07061e-010
83	-1.00517e-010
84	-9.35536e-011
85	-8.62208e-011
86	-7.86002e-011
87	-7.08056e-011
88	-6.29008e-011
89	-5.49782e-011
90	-1.96217
91	-3.8708
92	-5.72496
93	-7.52531
94	-9.27289
95	-10.981
96	-12.6727
97	-13.4521
98	-13.7119
99	-13.938
100	-14.1479
101	-14.3436
102	-14.5268
103	-14.699
104	-14.8616
105	-15.0157
106	-15.1622
107	-15.302
108	-15.4358
109	-15.5642
110	-15.6878
111	-15.807
112	-15.9222
113	-16.0338
114	-16.142
115	-16.2473
116	-16.3499
117	-16.4501
118	-16.5481
119	-16.6441
120	-16.7385
121	-16.8314
122	-16.9231
123	-17.0204
124	-17.1187
125	-17.2175
126	-17.3172
127	-17.418
128	-17.5203
129	-17.6244
130	-17.7308
131	-17.8398
132	-17.952
133	-18.0679
134	-18.1883
135	-18.3139
136	-18.4458
137	-18.5849
138	-18.7325
139	-18.8902
140	-19.0595
141	-19.2422
142	-19.4402
143	-19.6553
144	-19.8893
145	-20.1436
146	-20.4195
147	-20.7176
148	-21.0385
149	-21.3825
150	-20.2388
151	-19.1134
152	-17.9929
153	-16.8778
154	-15.7681
155	-14.6777
156	-13.6211
157	-13.4517
158	-13.7114
159	-13.9376
160	-14.1475
161	-14.3432
162	-14.5264
163	-14.6986
164	-14.8611
165	-15.0152
166	-15.1617
167	-15.3015
168	-15.4353
169	-15.5638
170	-15.6873
171	-15.8065
172	-15.9217
173	-16.0333
174	-16.1416
175	-16.2469
176	-16.3495
177	-16.4497
178	-16.5476
179	-16.6437
180	-16.738
181	-16.8309
182	-16.9227
183	-17.02
184	-17.1183
185	-17.2171
186	-17.3168
187	-17.4176
188	-17.5199
189	-17.624
190	-17.7304
191	-17.8394
192	-17.9515
193	-18.0675
194	-18.1879
195	-18.3135
196	-18.4454
197	-18.5845
198	-18.7321
199	-18.8898
200	-19.0591
201	-19.2418
202	-19.4398
203	-19.6549
204	-19.8889
205	-20.1432
206	-20.4191
207	-20.7172
208	-21.0381
209	-21.3822
210	-18.2762
211	-15.2422
212	-12.2676
213	-9.35206
214	-6.49484
215	-3.69631
216	-0.94797
217	2.71719e-010
218	-1.08567e-010
219	-1.14555e-010
220	-1.20107e-010
221	-1.25267e-010
222	-1.30123e-010
223	-1.34754e-010
224	-1.39272e-010
225	-1.43768e-010
226	-1.48361e-010
227	-1.53165e-010
228	-1.58284e-010
229	-1.6383e-010
230	-1.69905e-010
231	-1.76591e-010
232	-1.83949e-010
233	-1.91985e-010
234	-2.00657e-010
235	-2.09884e-010
236	-2.19533e-010
237	-2.2947e-010
238	-2.39577e-010
239	-2.49777e-010
240	2.60002e-010
241	2.49759e-010
242	2.39535e-010
243	2.29402e-010
244	2.19412e-010
245	2.0972e-010
246	2.00433e-010
247	1.91701e-010
248	1.83594e-010
249	1.76176e-010
250	1.694e-010
251	1.63251e-010
252	1.5763e-010
253	1.52436e-010
254	1.47555e-010
255	1.42876e-010
256	1.38311e-010
257	1.33713e-010
258	1.28988e-010
259	1.24043e-010
260	1.18792e-010
261	1.13143e-010
262	1.07061e-010
263	1.00517e-010
264	9.35536e-011
265	8.62137e-011
266	7.85967e-011
267	7.0802e-011
268	6.29079e-011
269	5.49889e-011
270	1.96217
271	3.8708
272	5.72496
273	7.52531
274	9.2729
275	10.981
276	12.6728
277	13.4514
278	13.7111
279	13.9373
280	14.1472
281	14.3429
282	14.5261
283	14.6983
284	14.8609
285	15.0149
286	15.1614
287	15.3013
288	15.4351
289	15.5635
290	15.6871
291	15.8063
292	15.9215
293	16.0331
294	16.1413
295	16.2467
296	16.3493
297	16.4494
298	16.5474
299	16.6434
300	16.7378
301	16.8307
302	16.9224
303	17.0198
304	17.118
305	17.2169
306	17.3165
307	17.4174
308	17.5197
309	17.6238
310	17.7301
311	17.8391
312	17.9513
313	18.0673
314	18.1877
315	18.3133
316	18.4451
317	18.5842
318	18.7319
319	18.8895
320	19.0588
321	19.2415
322	19.4396
323	19.6547
324	19.8887
325	20.143
326	20.4188
327	20.717
328	21.0379
329	21.3819
330	20.2382
331	19.1128
332	17.9924
333	16.8772
334	15.7675
335	14.6771
336	13.6205
337	13.4514
338	13.7111
339	13.9373
340	14.1472
341	14.3429
342	14.5261
343	14.6983
344	14.8608
345	15.0149
346	15.1614
347	15.3012
348	15.435
349	15.5635
350	15.6871
351	15.8062
352	15.9214
353	16.033
354	16.1413
355	16.2466
356	16.3492
357	16.4494
358	16.5474
359	16.6434
360	16.7377
Phase Current ic
