coreloss
  4 10
  0.21
  0.00279312  0.00279105  2.07853e-006  0  
  0.22
  0.00313991  0.00313835  1.56087e-006  0  
  0.23
  0.00298866  0.00298618  2.48172e-006  0  
  0.24
  0.00336566  0.00336413  1.53179e-006  0  
  0.25
  0.00134859  0.00134673  1.86127e-006  0  
  0.26
  0.00272983  0.00272775  2.07864e-006  0  
  0.27
  0.00298475  0.00298319  1.56078e-006  0  
  0.28
  0.00310567  0.00310319  2.48175e-006  0  
  0.29
  0.00234045  0.00233891  1.5318e-006  0  
  0.3
  0.00124669  0.00124483  1.86127e-006  0  
