PhaseC
  5 10
  0.21
  0  141.937  -1670.67  -1.13545  0.00392643  
  0.22
  0  141.937  -1670.6  -1.1354  0.00454194  
  0.23
  0  141.937  -1670.63  -1.1354  0.000485208  
  0.24
  0  141.937  -1670.63  -1.13544  -0.00402052  
  0.25
  0  141.937  -1670.53  -1.13549  -0.00496891  
  0.26
  0  141.937  -1670.67  -1.13545  0.00394608  
  0.27
  0  141.937  -1670.6  -1.1354  0.00455078  
  0.28
  0  141.937  -1670.63  -1.1354  0.000489215  
  0.29
  0  141.937  -1670.63  -1.13544  -0.0040187  
  0.3
  0  141.937  -1670.53  -1.13549  -0.00496808  
