PhaseA
  5 10
  0.21
  0  35.5219  -418.091  -0.444509  -0.00146738  
  0.22
  0  35.5219  -418.172  -0.444387  0.0122556  
  0.23
  0  35.5219  -418.039  -0.444445  -0.00589441  
  0.24
  0  35.5219  -418.093  -0.444504  -0.00589764  
  0.25
  0  35.5219  -418.083  -0.444494  0.00104135  
  0.26
  0  35.5219  -418.09  -0.444509  -0.00148697  
  0.27
  0  35.5219  -418.172  -0.444386  0.0122462  
  0.28
  0  35.5219  -418.039  -0.444445  -0.00589888  
  0.29
  0  35.5219  -418.093  -0.444504  -0.00589977  
  0.3
  0  35.5219  -418.083  -0.444494  0.00104034  
