PhaseB
  5 10
  0.21
  0  -177.459  2088.76  1.43235  -0.00565255  
  0.22
  0  -177.459  2088.77  1.43235  0.000152068  
  0.23
  0  -177.459  2088.67  1.43237  0.0025279  
  0.24
  0  -177.459  2088.73  1.4323  -0.00732292  
  0.25
  0  -177.459  2088.61  1.4324  0.0103022  
  0.26
  0  -177.459  2088.76  1.43235  -0.00565697  
  0.27
  0  -177.459  2088.77  1.43235  0.000150495  
  0.28
  0  -177.459  2088.67  1.43237  0.00252738  
  0.29
  0  -177.459  2088.73  1.4323  -0.00732308  
  0.3
  0  -177.459  2088.61  1.4324  0.0103022  
