Induced Winding Voltages at Rated Speed
Air-Gap Position (elec. degrees)
Voltage (V)
0	-658.748895
1	-636.846413
2	-616.425695
3	-597.542219
4	-580.064358
5	-563.726829
6	-548.186687
7	-533.063677
8	-517.960747
9	-502.468336
10	-486.158427
11	-468.574345
12	-449.222474
13	-427.573362
14	-403.082087
15	-375.239120
16	-343.658897
17	-308.197995
18	-269.066813
19	-226.871289
20	-182.525046
21	-137.029868
22	-91.207674
23	-45.510952
24	0.000000
25	45.510952
26	91.207674
27	137.029868
28	182.525046
29	226.871289
30	269.066813
31	308.197995
32	343.658897
33	375.239120
34	403.082087
35	427.573362
36	449.222474
37	468.574345
38	486.158427
39	502.468336
40	517.960747
41	533.063677
42	548.186687
43	563.726829
44	580.064358
45	597.542219
46	616.425695
47	636.846413
48	658.748895
49	681.871561
50	705.792094
51	730.038320
52	754.223098
53	778.139778
54	801.774104
55	825.231552
56	848.614589
57	871.899834
58	894.865118
59	917.100890
60	938.104954
61	957.416334
62	974.724796
63	989.914398
64	1003.042108
65	1014.281248
66	1023.861442
67	1032.023087
68	1038.990331
69	1044.958981
70	1050.093821
71	1054.530783
72	1058.381015
73	1061.735257
74	1064.667803
75	1067.239808
76	1069.501949
77	1071.496515
78	1073.259035
79	1074.819558
80	1076.203640
81	1077.433142
82	1078.526846
83	1079.500966
84	1080.369549
85	1081.142188
86	1081.832130
87	1082.448667
88	1082.999943
89	1083.493118
90	1083.934494
91	1084.329629
92	1084.683434
93	1085.000256
94	1085.283943
95	1085.537908
96	1085.765178
97	1085.968441
98	1086.150083
99	1086.312222
100	1086.456738
101	1086.585297
102	1086.699375
103	1086.800275
104	1086.889145
105	1086.966994
106	1087.034701
107	1087.093032
108	1087.142642
109	1087.184088
110	1087.217836
111	1087.244262
112	1087.263662
113	1087.276253
114	1087.282175
115	1087.276253
116	1087.263662
117	1087.244262
118	1087.217836
119	1087.184088
120	1087.142642
121	1087.093032
122	1087.034701
123	1086.966994
124	1086.889145
125	1086.800275
126	1086.699375
127	1086.585297
128	1086.456738
129	1086.312222
130	1086.150083
131	1085.968441
132	1085.765178
133	1085.537908
134	1085.283943
135	1085.000256
136	1084.683434
137	1084.329629
138	1083.934494
139	1083.493118
140	1082.999943
141	1082.448667
142	1081.832130
143	1081.142188
144	1080.369549
145	1079.500966
146	1078.526846
147	1077.433142
148	1076.203640
149	1074.819558
150	1073.259035
151	1071.496515
152	1069.501949
153	1067.239808
154	1064.667803
155	1061.735257
156	1058.381015
157	1054.530783
158	1050.093821
159	1044.958981
160	1038.990331
161	1032.023087
162	1023.861442
163	1014.281248
164	1003.042108
165	989.914398
166	974.724796
167	957.416334
168	938.104954
169	917.100890
170	894.865118
171	871.899834
172	848.614589
173	825.231552
174	801.774104
175	778.139778
176	754.223098
177	730.038320
178	705.792094
179	681.871561
180	658.748895
181	636.846413
182	616.425695
183	597.542219
184	580.064358
185	563.726829
186	548.186687
187	533.063677
188	517.960747
189	502.468336
190	486.158427
191	468.574345
192	449.222474
193	427.573362
194	403.082087
195	375.239120
196	343.658897
197	308.197995
198	269.066813
199	226.871289
200	182.525046
201	137.029868
202	91.207674
203	45.510952
204	0.000000
205	-45.510952
206	-91.207674
207	-137.029868
208	-182.525046
209	-226.871289
210	-269.066813
211	-308.197995
212	-343.658897
213	-375.239120
214	-403.082087
215	-427.573362
216	-449.222474
217	-468.574345
218	-486.158427
219	-502.468336
220	-517.960747
221	-533.063677
222	-548.186687
223	-563.726829
224	-580.064358
225	-597.542219
226	-616.425695
227	-636.846413
228	-658.748895
229	-681.871561
230	-705.792094
231	-730.038320
232	-754.223098
233	-778.139778
234	-801.774104
235	-825.231552
236	-848.614589
237	-871.899834
238	-894.865118
239	-917.100890
240	-938.104954
241	-957.416334
242	-974.724796
243	-989.914398
244	-1003.042108
245	-1014.281248
246	-1023.861442
247	-1032.023087
248	-1038.990331
249	-1044.958981
250	-1050.093821
251	-1054.530783
252	-1058.381015
253	-1061.735257
254	-1064.667803
255	-1067.239808
256	-1069.501949
257	-1071.496515
258	-1073.259035
259	-1074.819558
260	-1076.203640
261	-1077.433142
262	-1078.526846
263	-1079.500966
264	-1080.369549
265	-1081.142188
266	-1081.832130
267	-1082.448667
268	-1082.999943
269	-1083.493118
270	-1083.934494
271	-1084.329629
272	-1084.683434
273	-1085.000256
274	-1085.283943
275	-1085.537908
276	-1085.765178
277	-1085.968441
278	-1086.150083
279	-1086.312222
280	-1086.456738
281	-1086.585297
282	-1086.699375
283	-1086.800275
284	-1086.889145
285	-1086.966994
286	-1087.034701
287	-1087.093032
288	-1087.142642
289	-1087.184088
290	-1087.217836
291	-1087.244262
292	-1087.263662
293	-1087.276253
294	-1087.282175
295	-1087.276253
296	-1087.263662
297	-1087.244262
298	-1087.217836
299	-1087.184088
300	-1087.142642
301	-1087.093032
302	-1087.034701
303	-1086.966994
304	-1086.889145
305	-1086.800275
306	-1086.699375
307	-1086.585297
308	-1086.456738
309	-1086.312222
310	-1086.150083
311	-1085.968441
312	-1085.765178
313	-1085.537908
314	-1085.283943
315	-1085.000256
316	-1084.683434
317	-1084.329629
318	-1083.934494
319	-1083.493118
320	-1082.999943
321	-1082.448667
322	-1081.832130
323	-1081.142188
324	-1080.369549
325	-1079.500966
326	-1078.526846
327	-1077.433142
328	-1076.203640
329	-1074.819558
330	-1073.259035
331	-1071.496515
332	-1069.501949
333	-1067.239808
334	-1064.667803
335	-1061.735257
336	-1058.381015
337	-1054.530783
338	-1050.093821
339	-1044.958981
340	-1038.990331
341	-1032.023087
342	-1023.861442
343	-1014.281248
344	-1003.042108
345	-989.914398
346	-974.724796
347	-957.416334
348	-938.104954
349	-917.100890
350	-894.865118
351	-871.899834
352	-848.614589
353	-825.231552
354	-801.774104
355	-778.139778
356	-754.223098
357	-730.038320
358	-705.792094
359	-681.871561
360	-658.748895
Phase Voltage ea
0	279.356058
1	320.569921
2	358.299101
3	392.372179
4	422.977750
5	450.554419
6	475.674755
7	498.959409
8	521.029584
9	542.490645
10	563.935395
11	585.956438
12	609.158540
13	634.161895
14	661.585716
15	692.000688
16	725.843052
17	763.298520
18	804.192222
19	847.948268
20	893.678594
21	940.403274
22	987.319172
23	1033.990014
24	1080.369549
25	1126.653140
26	1173.039804
27	1219.478534
28	1265.524989
29	1310.364408
30	1353.001307
31	1392.527624
32	1428.342331
33	1460.239376
34	1488.366030
35	1513.111270
36	1534.987653
37	1554.542786
38	1572.308510
39	1588.780558
40	1604.417485
41	1619.648975
42	1634.886062
43	1650.527104
44	1666.953503
45	1684.509212
46	1703.460396
47	1723.939445
48	1745.891537
49	1769.055650
50	1793.009929
51	1817.282581
52	1841.486760
53	1865.416030
54	1889.056278
55	1912.507805
56	1935.878251
57	1959.144096
58	1982.082953
59	2004.284978
60	2025.247596
61	2044.509366
62	2061.759497
63	2076.881391
64	2089.931253
65	2101.081522
66	2110.560817
67	2118.608384
68	2125.447069
69	2131.271203
70	2136.243904
71	2140.499224
72	2144.146193
73	2147.273165
74	2149.951746
75	2152.240064
76	2154.185384
77	2155.826143
78	2157.193529
79	2158.312676
80	2159.203584
81	2159.881808
82	2160.358976
83	2160.643154
84	2160.739097
85	2160.643154
86	2160.358976
87	2159.881808
88	2159.203584
89	2158.312676
90	2157.193529
91	2155.826143
92	2154.185384
93	2152.240064
94	2149.951746
95	2147.273165
96	2144.146193
97	2140.499224
98	2136.243904
99	2131.271203
100	2125.447069
101	2118.608384
102	2110.560817
103	2101.081522
104	2089.931253
105	2076.881391
106	2061.759497
107	2044.509366
108	2025.247596
109	2004.284978
110	1982.082953
111	1959.144096
112	1935.878251
113	1912.507805
114	1889.056278
115	1865.416030
116	1841.486760
117	1817.282581
118	1793.009929
119	1769.055650
120	1745.891537
121	1723.939445
122	1703.460396
123	1684.509212
124	1666.953503
125	1650.527104
126	1634.886062
127	1619.648975
128	1604.417485
129	1588.780558
130	1572.308510
131	1554.542786
132	1534.987653
133	1513.111270
134	1488.366030
135	1460.239376
136	1428.342331
137	1392.527624
138	1353.001307
139	1310.364408
140	1265.524989
141	1219.478534
142	1173.039804
143	1126.653140
144	1080.369549
145	1033.990014
146	987.319172
147	940.403274
148	893.678594
149	847.948268
150	804.192222
151	763.298520
152	725.843052
153	692.000688
154	661.585716
155	634.161895
156	609.158540
157	585.956438
158	563.935395
159	542.490645
160	521.029584
161	498.959409
162	475.674755
163	450.554419
164	422.977750
165	392.372179
166	358.299101
167	320.569921
168	279.356058
169	235.229329
170	189.073024
171	141.861514
172	94.391491
173	47.091774
174	0.000000
175	-47.091774
176	-94.391491
177	-141.861514
178	-189.073024
179	-235.229329
180	-279.356058
181	-320.569921
182	-358.299101
183	-392.372179
184	-422.977750
185	-450.554419
186	-475.674755
187	-498.959409
188	-521.029584
189	-542.490645
190	-563.935395
191	-585.956438
192	-609.158540
193	-634.161895
194	-661.585716
195	-692.000688
196	-725.843052
197	-763.298520
198	-804.192222
199	-847.948268
200	-893.678594
201	-940.403274
202	-987.319172
203	-1033.990014
204	-1080.369549
205	-1126.653140
206	-1173.039804
207	-1219.478534
208	-1265.524989
209	-1310.364408
210	-1353.001307
211	-1392.527624
212	-1428.342331
213	-1460.239376
214	-1488.366030
215	-1513.111270
216	-1534.987653
217	-1554.542786
218	-1572.308510
219	-1588.780558
220	-1604.417485
221	-1619.648975
222	-1634.886062
223	-1650.527104
224	-1666.953503
225	-1684.509212
226	-1703.460396
227	-1723.939445
228	-1745.891537
229	-1769.055650
230	-1793.009929
231	-1817.282581
232	-1841.486760
233	-1865.416030
234	-1889.056278
235	-1912.507805
236	-1935.878251
237	-1959.144096
238	-1982.082953
239	-2004.284978
240	-2025.247596
241	-2044.509366
242	-2061.759497
243	-2076.881391
244	-2089.931253
245	-2101.081522
246	-2110.560817
247	-2118.608384
248	-2125.447069
249	-2131.271203
250	-2136.243904
251	-2140.499224
252	-2144.146193
253	-2147.273165
254	-2149.951746
255	-2152.240064
256	-2154.185384
257	-2155.826143
258	-2157.193529
259	-2158.312676
260	-2159.203584
261	-2159.881808
262	-2160.358976
263	-2160.643154
264	-2160.739097
265	-2160.643154
266	-2160.358976
267	-2159.881808
268	-2159.203584
269	-2158.312676
270	-2157.193529
271	-2155.826143
272	-2154.185384
273	-2152.240064
274	-2149.951746
275	-2147.273165
276	-2144.146193
277	-2140.499224
278	-2136.243904
279	-2131.271203
280	-2125.447069
281	-2118.608384
282	-2110.560817
283	-2101.081522
284	-2089.931253
285	-2076.881391
286	-2061.759497
287	-2044.509366
288	-2025.247596
289	-2004.284978
290	-1982.082953
291	-1959.144096
292	-1935.878251
293	-1912.507805
294	-1889.056278
295	-1865.416030
296	-1841.486760
297	-1817.282581
298	-1793.009929
299	-1769.055650
300	-1745.891537
301	-1723.939445
302	-1703.460396
303	-1684.509212
304	-1666.953503
305	-1650.527104
306	-1634.886062
307	-1619.648975
308	-1604.417485
309	-1588.780558
310	-1572.308510
311	-1554.542786
312	-1534.987653
313	-1513.111270
314	-1488.366030
315	-1460.239376
316	-1428.342331
317	-1392.527624
318	-1353.001307
319	-1310.364408
320	-1265.524989
321	-1219.478534
322	-1173.039804
323	-1126.653140
324	-1080.369549
325	-1033.990014
326	-987.319172
327	-940.403274
328	-893.678594
329	-847.948268
330	-804.192222
331	-763.298520
332	-725.843052
333	-692.000688
334	-661.585716
335	-634.161895
336	-609.158540
337	-585.956438
338	-563.935395
339	-542.490645
340	-521.029584
341	-498.959409
342	-475.674755
343	-450.554419
344	-422.977750
345	-392.372179
346	-358.299101
347	-320.569921
348	-279.356058
349	-235.229329
350	-189.073024
351	-141.861514
352	-94.391491
353	-47.091774
354	0.000000
355	47.091774
356	94.391491
357	141.861514
358	189.073024
359	235.229329
360	279.356058
Line Voltage eab
