Winding Voltages under Load 
Air-Gap Position (elec. degrees)
Voltage (V)
0	0
1	7.40963
2	14.817
3	22.2199
4	29.616
5	37.003
6	44.3788
7	51.7411
8	59.0876
9	66.4161
10	73.7244
11	81.0103
12	88.2714
13	95.5057
14	102.711
15	109.885
16	117.025
17	124.13
18	131.197
19	138.224
20	145.209
21	152.149
22	159.044
23	165.89
24	172.685
25	179.428
26	186.116
27	192.747
28	199.32
29	205.832
30	212.281
31	218.666
32	224.984
33	231.233
34	237.412
35	243.519
36	249.551
37	255.508
38	261.387
39	267.186
40	272.903
41	278.538
42	284.087
43	289.551
44	294.926
45	300.211
46	305.404
47	310.505
48	315.511
49	320.421
50	325.233
51	329.947
52	334.559
53	339.07
54	343.478
55	347.781
56	351.978
57	356.068
58	360.049
59	363.921
60	367.682
61	371.33
62	374.866
63	378.288
64	381.594
65	384.784
66	387.857
67	390.811
68	393.647
69	396.363
70	398.958
71	401.431
72	403.783
73	406.011
74	408.115
75	410.095
76	411.951
77	413.681
78	415.284
79	416.762
80	418.112
81	419.335
82	420.43
83	421.397
84	422.236
85	422.947
86	423.528
87	423.98
88	424.303
89	424.497
90	424.562
91	424.497
92	424.303
93	423.98
94	423.528
95	422.947
96	422.236
97	421.397
98	420.43
99	419.335
100	418.112
101	416.762
102	415.284
103	413.681
104	411.951
105	410.095
106	408.115
107	406.011
108	403.783
109	401.431
110	398.958
111	396.363
112	393.647
113	390.811
114	387.857
115	384.784
116	381.594
117	378.288
118	374.866
119	371.33
120	367.682
121	363.921
122	360.049
123	356.068
124	351.978
125	347.781
126	343.478
127	339.07
128	334.559
129	329.947
130	325.233
131	320.421
132	315.511
133	310.505
134	305.404
135	300.211
136	294.926
137	289.551
138	284.087
139	278.538
140	272.903
141	267.186
142	261.387
143	255.508
144	249.551
145	243.519
146	237.412
147	231.233
148	224.984
149	218.666
150	212.281
151	205.832
152	199.32
153	192.747
154	186.116
155	179.428
156	172.685
157	165.89
158	159.044
159	152.149
160	145.209
161	138.224
162	131.197
163	124.13
164	117.025
165	109.885
166	102.711
167	95.5057
168	88.2714
169	81.0103
170	73.7244
171	66.4161
172	59.0876
173	51.7411
174	44.3788
175	37.003
176	29.616
177	22.2199
178	14.817
179	7.40963
180	5.19939e-014
181	-7.40963
182	-14.817
183	-22.2199
184	-29.616
185	-37.003
186	-44.3788
187	-51.7411
188	-59.0876
189	-66.4161
190	-73.7244
191	-81.0103
192	-88.2714
193	-95.5057
194	-102.711
195	-109.885
196	-117.025
197	-124.13
198	-131.197
199	-138.224
200	-145.209
201	-152.149
202	-159.044
203	-165.89
204	-172.685
205	-179.428
206	-186.116
207	-192.747
208	-199.32
209	-205.832
210	-212.281
211	-218.666
212	-224.984
213	-231.233
214	-237.412
215	-243.519
216	-249.551
217	-255.508
218	-261.387
219	-267.186
220	-272.903
221	-278.538
222	-284.087
223	-289.551
224	-294.926
225	-300.211
226	-305.404
227	-310.505
228	-315.511
229	-320.421
230	-325.233
231	-329.947
232	-334.559
233	-339.07
234	-343.478
235	-347.781
236	-351.978
237	-356.068
238	-360.049
239	-363.921
240	-367.682
241	-371.33
242	-374.866
243	-378.288
244	-381.594
245	-384.784
246	-387.857
247	-390.811
248	-393.647
249	-396.363
250	-398.958
251	-401.431
252	-403.783
253	-406.011
254	-408.115
255	-410.095
256	-411.951
257	-413.681
258	-415.284
259	-416.762
260	-418.112
261	-419.335
262	-420.43
263	-421.397
264	-422.236
265	-422.947
266	-423.528
267	-423.98
268	-424.303
269	-424.497
270	-424.562
271	-424.497
272	-424.303
273	-423.98
274	-423.528
275	-422.947
276	-422.236
277	-421.397
278	-420.43
279	-419.335
280	-418.112
281	-416.762
282	-415.284
283	-413.681
284	-411.951
285	-410.095
286	-408.115
287	-406.011
288	-403.783
289	-401.431
290	-398.958
291	-396.363
292	-393.647
293	-390.811
294	-387.857
295	-384.784
296	-381.594
297	-378.288
298	-374.866
299	-371.33
300	-367.682
301	-363.921
302	-360.049
303	-356.068
304	-351.978
305	-347.781
306	-343.478
307	-339.07
308	-334.559
309	-329.947
310	-325.233
311	-320.421
312	-315.511
313	-310.505
314	-305.404
315	-300.211
316	-294.926
317	-289.551
318	-284.087
319	-278.538
320	-272.903
321	-267.186
322	-261.387
323	-255.508
324	-249.551
325	-243.519
326	-237.412
327	-231.233
328	-224.984
329	-218.666
330	-212.281
331	-205.832
332	-199.32
333	-192.747
334	-186.116
335	-179.428
336	-172.685
337	-165.89
338	-159.044
339	-152.149
340	-145.209
341	-138.224
342	-131.197
343	-124.13
344	-117.025
345	-109.885
346	-102.711
347	-95.5057
348	-88.2714
349	-81.0103
350	-73.7244
351	-66.4161
352	-59.0876
353	-51.7411
354	-44.3788
355	-37.003
356	-29.616
357	-22.2199
358	-14.817
359	-7.40963
360	-1.03988e-013
Phase Voltage va
0	367.682
1	378.74
2	389.683
3	400.507
4	411.21
5	421.787
6	432.236
7	442.553
8	452.735
9	462.779
10	472.682
11	482.442
12	492.054
13	501.516
14	510.826
15	519.98
16	528.976
17	537.811
18	546.481
19	554.986
20	563.321
21	571.484
22	579.474
23	587.287
24	594.921
25	602.374
26	609.644
27	616.727
28	623.623
29	630.329
30	636.843
31	643.163
32	649.287
33	655.213
34	660.94
35	666.465
36	671.788
37	676.905
38	681.817
39	686.521
40	691.015
41	695.299
42	699.372
43	703.231
44	706.876
45	710.306
46	713.52
47	716.516
48	719.294
49	721.852
50	724.191
51	726.31
52	728.207
53	729.882
54	731.335
55	732.565
56	733.572
57	734.355
58	734.915
59	735.251
60	735.363
61	735.251
62	734.915
63	734.355
64	733.572
65	732.565
66	731.335
67	729.882
68	728.207
69	726.31
70	724.191
71	721.852
72	719.294
73	716.516
74	713.52
75	710.306
76	706.876
77	703.231
78	699.372
79	695.299
80	691.015
81	686.521
82	681.817
83	676.905
84	671.788
85	666.465
86	660.94
87	655.213
88	649.287
89	643.163
90	636.843
91	630.329
92	623.623
93	616.727
94	609.644
95	602.374
96	594.921
97	587.287
98	579.474
99	571.484
100	563.321
101	554.986
102	546.481
103	537.811
104	528.976
105	519.98
106	510.826
107	501.516
108	492.054
109	482.442
110	472.682
111	462.779
112	452.735
113	442.553
114	432.236
115	421.787
116	411.21
117	400.507
118	389.683
119	378.74
120	367.682
121	356.511
122	345.232
123	333.848
124	322.362
125	310.778
126	299.099
127	287.329
128	275.472
129	263.531
130	251.509
131	239.411
132	227.24
133	214.999
134	202.694
135	190.326
136	177.9
137	165.421
138	152.891
139	140.314
140	127.694
141	115.036
142	102.343
143	89.6182
144	76.8664
145	64.0911
146	51.2963
147	38.4859
148	25.6638
149	12.8339
150	-1.13687e-013
151	-12.8339
152	-25.6638
153	-38.4859
154	-51.2963
155	-64.0911
156	-76.8664
157	-89.6182
158	-102.343
159	-115.036
160	-127.694
161	-140.314
162	-152.891
163	-165.421
164	-177.9
165	-190.326
166	-202.694
167	-214.999
168	-227.24
169	-239.411
170	-251.509
171	-263.531
172	-275.472
173	-287.329
174	-299.099
175	-310.778
176	-322.362
177	-333.848
178	-345.232
179	-356.511
180	-367.682
181	-378.74
182	-389.683
183	-400.507
184	-411.21
185	-421.787
186	-432.236
187	-442.553
188	-452.735
189	-462.779
190	-472.682
191	-482.442
192	-492.054
193	-501.516
194	-510.826
195	-519.98
196	-528.976
197	-537.811
198	-546.481
199	-554.986
200	-563.321
201	-571.484
202	-579.474
203	-587.287
204	-594.921
205	-602.374
206	-609.644
207	-616.727
208	-623.623
209	-630.329
210	-636.843
211	-643.163
212	-649.287
213	-655.213
214	-660.94
215	-666.465
216	-671.788
217	-676.905
218	-681.817
219	-686.521
220	-691.015
221	-695.299
222	-699.372
223	-703.231
224	-706.876
225	-710.306
226	-713.52
227	-716.516
228	-719.294
229	-721.852
230	-724.191
231	-726.31
232	-728.207
233	-729.882
234	-731.335
235	-732.565
236	-733.572
237	-734.355
238	-734.915
239	-735.251
240	-735.363
241	-735.251
242	-734.915
243	-734.355
244	-733.572
245	-732.565
246	-731.335
247	-729.882
248	-728.207
249	-726.31
250	-724.191
251	-721.852
252	-719.294
253	-716.516
254	-713.52
255	-710.306
256	-706.876
257	-703.231
258	-699.372
259	-695.299
260	-691.015
261	-686.521
262	-681.817
263	-676.905
264	-671.788
265	-666.465
266	-660.94
267	-655.213
268	-649.287
269	-643.163
270	-636.843
271	-630.329
272	-623.623
273	-616.727
274	-609.644
275	-602.374
276	-594.921
277	-587.287
278	-579.474
279	-571.484
280	-563.321
281	-554.986
282	-546.481
283	-537.811
284	-528.976
285	-519.98
286	-510.826
287	-501.516
288	-492.054
289	-482.442
290	-472.682
291	-462.779
292	-452.735
293	-442.553
294	-432.236
295	-421.787
296	-411.21
297	-400.507
298	-389.683
299	-378.74
300	-367.682
301	-356.511
302	-345.232
303	-333.848
304	-322.362
305	-310.778
306	-299.099
307	-287.329
308	-275.472
309	-263.531
310	-251.509
311	-239.411
312	-227.24
313	-214.999
314	-202.694
315	-190.326
316	-177.9
317	-165.421
318	-152.891
319	-140.314
320	-127.694
321	-115.036
322	-102.343
323	-89.6182
324	-76.8664
325	-64.0911
326	-51.2963
327	-38.4859
328	-25.6638
329	-12.8339
330	-3.12639e-013
331	12.8339
332	25.6638
333	38.4859
334	51.2963
335	64.0911
336	76.8664
337	89.6182
338	102.343
339	115.036
340	127.694
341	140.314
342	152.891
343	165.421
344	177.9
345	190.326
346	202.694
347	214.999
348	227.24
349	239.411
350	251.509
351	263.531
352	275.472
353	287.329
354	299.099
355	310.778
356	322.362
357	333.848
358	345.232
359	356.511
360	367.682
Line Voltage vab
