equFlux
  3 10
  0.0172709
  -5.16208e-005  -5.88858e-005  -3.34765e-005  
  0.0173609
  -0.000106709  -0.000109075  -2.44947e-005  
  0.0174509
  4.16922e-006  -2.1037e-005  -9.90885e-006  
  0.0175409
  -1.65061e-005  -0.000156098  -4.947e-005  
  0.0176309
  -0.000126953  -5.66029e-005  7.54682e-005  
  0.0177209
  -0.000247716  -9.95667e-005  0.00011205  
  0.0178109
  1.93079e-007  -2.38899e-006  9.08251e-008  
  0.0179009
  -6.47407e-005  -3.71658e-005  0.000151029  
  0.0179909
  -0.000118407  -3.96074e-005  0.000424057  
  0.018
  -1.17921e-006  -2.92104e-007  2.22678e-006  
