PhaseB
  5 10
  0.0172709
  0  0  -25.3469  0.171869  -233.242  
  0.0173609
  0  0  -25.8553  0.150203  -240.741  
  0.0174509
  0  0  -26.493  0.128542  -240.672  
  0.0175409
  0  0  -27.1051  0.106872  -240.783  
  0.0176309
  0  0  -27.7513  0.0848831  -244.318  
  0.0177209
  0  0  -28.4381  0.0619649  -254.646  
  0.0178109
  0  0  -29.3922  0.0381927  -264.136  
  0.0179009
  0  0  -30.4934  0.0133272  -276.283  
  0.0179909
  0  0  -31.9256  -0.0128509  -290.868  
  0.018
  0  0  -32.1508  -0.0156948  -312.853  
