PhaseA
  5 10
  0.0172709
  0  0  0.000171264  -0.369485  -69.5394  
  0.0173609
  0  0  0.000111608  -0.37378  -47.7153  
  0.0174509
  0  0  7.38635e-005  -0.376413  -29.2585  
  0.0175409
  0  0  3.80526e-005  -0.377485  -11.9085  
  0.0176309
  0  0  2.74121e-006  -0.377327  1.74653  
  0.0177209
  0  0  -6.29163e-005  -0.375202  23.6136  
  0.0178109
  0  0  -0.000135307  -0.370747  49.5067  
  0.0179009
  0  0  -0.00020299  -0.364414  70.3605  
  0.0179909
  0  0  -0.000277881  -0.356118  92.1771  
  0.018
  0  0  -0.000362797  -0.3551  112.035  
