Induced Coil Voltages at Rated Speed
Air-Gap Position (elec. degrees)
Voltage (V)
0	-0.000000
1	-0.064692
2	-0.129625
3	-0.194680
4	-0.259155
5	-0.321807
6	-0.381123
7	-0.435717
8	-0.484647
9	-0.527549
10	-0.564569
11	-0.596197
12	-0.623091
13	-0.645944
14	-0.665401
15	-0.682025
16	-0.696291
17	-0.708589
18	-0.719237
19	-0.728494
20	-0.736572
21	-0.743644
22	-0.749854
23	-0.755322
24	-0.760147
25	-0.764414
26	-0.768194
27	-0.771548
28	-0.774529
29	-0.777182
30	-0.779546
31	-0.781654
32	-0.783536
33	-0.785218
34	-0.786722
35	-0.788068
36	-0.789274
37	-0.790353
38	-0.791322
39	-0.792190
40	-0.792969
41	-0.793669
42	-0.794297
43	-0.794861
44	-0.795368
45	-0.795823
46	-0.796233
47	-0.796601
48	-0.796932
49	-0.797230
50	-0.797497
51	-0.797738
52	-0.797955
53	-0.798150
54	-0.798326
55	-0.798484
56	-0.798626
57	-0.798755
58	-0.798870
59	-0.798974
60	-0.799067
61	-0.799151
62	-0.799227
63	-0.799295
64	-0.799357
65	-0.799412
66	-0.799462
67	-0.799507
68	-0.799547
69	-0.799584
70	-0.799616
71	-0.799646
72	-0.799673
73	-0.799697
74	-0.799718
75	-0.799738
76	-0.799755
77	-0.799771
78	-0.799785
79	-0.799798
80	-0.799809
81	-0.799820
82	-0.799829
83	-0.799838
84	-0.799845
85	-0.799852
86	-0.799858
87	-0.799864
88	-0.799869
89	-0.799873
90	-0.799877
91	-0.799873
92	-0.799869
93	-0.799864
94	-0.799858
95	-0.799852
96	-0.799845
97	-0.799838
98	-0.799829
99	-0.799820
100	-0.799809
101	-0.799798
102	-0.799785
103	-0.799771
104	-0.799755
105	-0.799738
106	-0.799718
107	-0.799697
108	-0.799673
109	-0.799646
110	-0.799616
111	-0.799584
112	-0.799547
113	-0.799507
114	-0.799462
115	-0.799412
116	-0.799357
117	-0.799295
118	-0.799227
119	-0.799151
120	-0.799067
121	-0.798974
122	-0.798870
123	-0.798755
124	-0.798626
125	-0.798484
126	-0.798326
127	-0.798150
128	-0.797955
129	-0.797738
130	-0.797497
131	-0.797230
132	-0.796932
133	-0.796601
134	-0.796233
135	-0.795823
136	-0.795368
137	-0.794861
138	-0.794297
139	-0.793669
140	-0.792969
141	-0.792190
142	-0.791322
143	-0.790353
144	-0.789274
145	-0.788068
146	-0.786722
147	-0.785218
148	-0.783536
149	-0.781654
150	-0.779546
151	-0.777182
152	-0.774529
153	-0.771548
154	-0.768194
155	-0.764414
156	-0.760147
157	-0.755322
158	-0.749854
159	-0.743644
160	-0.736572
161	-0.728494
162	-0.719237
163	-0.708589
164	-0.696291
165	-0.682025
166	-0.665401
167	-0.645944
168	-0.623091
169	-0.596197
170	-0.564569
171	-0.527549
172	-0.484647
173	-0.435717
174	-0.381123
175	-0.321807
176	-0.259155
177	-0.194680
178	-0.129625
179	-0.064692
180	-0.000000
181	0.064692
182	0.129625
183	0.194680
184	0.259155
185	0.321807
186	0.381123
187	0.435717
188	0.484647
189	0.527549
190	0.564569
191	0.596197
192	0.623091
193	0.645944
194	0.665401
195	0.682025
196	0.696291
197	0.708589
198	0.719237
199	0.728494
200	0.736572
201	0.743644
202	0.749854
203	0.755322
204	0.760147
205	0.764414
206	0.768194
207	0.771548
208	0.774529
209	0.777182
210	0.779546
211	0.781654
212	0.783536
213	0.785218
214	0.786722
215	0.788068
216	0.789274
217	0.790353
218	0.791322
219	0.792190
220	0.792969
221	0.793669
222	0.794297
223	0.794861
224	0.795368
225	0.795823
226	0.796233
227	0.796601
228	0.796932
229	0.797230
230	0.797497
231	0.797738
232	0.797955
233	0.798150
234	0.798326
235	0.798484
236	0.798626
237	0.798755
238	0.798870
239	0.798974
240	0.799067
241	0.799151
242	0.799227
243	0.799295
244	0.799357
245	0.799412
246	0.799462
247	0.799507
248	0.799547
249	0.799584
250	0.799616
251	0.799646
252	0.799673
253	0.799697
254	0.799718
255	0.799738
256	0.799755
257	0.799771
258	0.799785
259	0.799798
260	0.799809
261	0.799820
262	0.799829
263	0.799838
264	0.799845
265	0.799852
266	0.799858
267	0.799864
268	0.799869
269	0.799873
270	0.799877
271	0.799873
272	0.799869
273	0.799864
274	0.799858
275	0.799852
276	0.799845
277	0.799838
278	0.799829
279	0.799820
280	0.799809
281	0.799798
282	0.799785
283	0.799771
284	0.799755
285	0.799738
286	0.799718
287	0.799697
288	0.799673
289	0.799646
290	0.799616
291	0.799584
292	0.799547
293	0.799507
294	0.799462
295	0.799412
296	0.799357
297	0.799295
298	0.799227
299	0.799151
300	0.799067
301	0.798974
302	0.798870
303	0.798755
304	0.798626
305	0.798484
306	0.798326
307	0.798150
308	0.797955
309	0.797738
310	0.797497
311	0.797230
312	0.796932
313	0.796601
314	0.796233
315	0.795823
316	0.795368
317	0.794861
318	0.794297
319	0.793669
320	0.792969
321	0.792190
322	0.791322
323	0.790353
324	0.789274
325	0.788068
326	0.786722
327	0.785218
328	0.783536
329	0.781654
330	0.779546
331	0.777182
332	0.774529
333	0.771548
334	0.768194
335	0.764414
336	0.760147
337	0.755322
338	0.749854
339	0.743644
340	0.736572
341	0.728494
342	0.719237
343	0.708589
344	0.696291
345	0.682025
346	0.665401
347	0.645944
348	0.623091
349	0.596197
350	0.564569
351	0.527549
352	0.484647
353	0.435717
354	0.381123
355	0.321807
356	0.259155
357	0.194680
358	0.129625
359	0.064692
360	0.000000
One-Conductor Voltage
0	0.779546
1	0.712490
2	0.644904
3	0.576869
4	0.509039
5	0.442607
6	0.379024
7	0.319605
8	0.265207
9	0.216095
10	0.172003
11	0.132297
12	0.096145
13	0.062645
14	0.030890
15	0.000000
16	-0.030890
17	-0.062645
18	-0.096145
19	-0.132297
20	-0.172003
21	-0.216095
22	-0.265207
23	-0.319605
24	-0.379024
25	-0.442607
26	-0.509039
27	-0.576869
28	-0.644904
29	-0.712490
30	-0.779546
31	-0.846346
32	-0.913162
33	-0.979898
34	-1.045877
35	-1.109875
36	-1.170397
37	-1.226070
38	-1.275969
39	-1.319739
40	-1.357538
41	-1.389866
42	-1.417388
43	-1.440805
44	-1.460768
45	-1.477848
46	-1.492524
47	-1.505190
48	-1.516168
49	-1.525723
50	-1.534069
51	-1.541382
52	-1.547810
53	-1.553472
54	-1.558473
55	-1.562898
56	-1.566820
57	-1.570303
58	-1.573399
59	-1.576156
60	-1.578613
61	-1.580805
62	-1.582763
63	-1.584514
64	-1.586079
65	-1.587480
66	-1.588735
67	-1.589860
68	-1.590869
69	-1.591774
70	-1.592586
71	-1.593315
72	-1.593969
73	-1.594557
74	-1.595086
75	-1.595561
76	-1.595988
77	-1.596372
78	-1.596717
79	-1.597027
80	-1.597307
81	-1.597558
82	-1.597784
83	-1.597988
84	-1.598171
85	-1.598336
86	-1.598485
87	-1.598618
88	-1.598739
89	-1.598847
90	-1.598944
91	-1.599024
92	-1.599096
93	-1.599159
94	-1.599215
95	-1.599264
96	-1.599307
97	-1.599344
98	-1.599376
99	-1.599404
100	-1.599426
101	-1.599444
102	-1.599458
103	-1.599467
104	-1.599473
105	-1.599475
106	-1.599473
107	-1.599467
108	-1.599458
109	-1.599444
110	-1.599426
111	-1.599404
112	-1.599376
113	-1.599344
114	-1.599307
115	-1.599264
116	-1.599215
117	-1.599159
118	-1.599096
119	-1.599024
120	-1.598944
121	-1.598847
122	-1.598739
123	-1.598618
124	-1.598485
125	-1.598336
126	-1.598171
127	-1.597988
128	-1.597784
129	-1.597558
130	-1.597307
131	-1.597027
132	-1.596717
133	-1.596372
134	-1.595988
135	-1.595561
136	-1.595086
137	-1.594557
138	-1.593969
139	-1.593315
140	-1.592586
141	-1.591774
142	-1.590869
143	-1.589860
144	-1.588735
145	-1.587480
146	-1.586079
147	-1.584514
148	-1.582763
149	-1.580805
150	-1.578613
151	-1.576156
152	-1.573399
153	-1.570303
154	-1.566820
155	-1.562898
156	-1.558473
157	-1.553472
158	-1.547810
159	-1.541382
160	-1.534069
161	-1.525723
162	-1.516168
163	-1.505190
164	-1.492524
165	-1.477848
166	-1.460768
167	-1.440805
168	-1.417388
169	-1.389866
170	-1.357538
171	-1.319739
172	-1.275969
173	-1.226070
174	-1.170397
175	-1.109875
176	-1.045877
177	-0.979898
178	-0.913162
179	-0.846346
180	-0.779546
181	-0.712490
182	-0.644904
183	-0.576869
184	-0.509039
185	-0.442607
186	-0.379024
187	-0.319605
188	-0.265207
189	-0.216095
190	-0.172003
191	-0.132297
192	-0.096145
193	-0.062645
194	-0.030890
195	0.000000
196	0.030890
197	0.062645
198	0.096145
199	0.132297
200	0.172003
201	0.216095
202	0.265207
203	0.319605
204	0.379024
205	0.442607
206	0.509039
207	0.576869
208	0.644904
209	0.712490
210	0.779546
211	0.846346
212	0.913162
213	0.979898
214	1.045877
215	1.109875
216	1.170397
217	1.226070
218	1.275969
219	1.319739
220	1.357538
221	1.389866
222	1.417388
223	1.440805
224	1.460768
225	1.477848
226	1.492524
227	1.505190
228	1.516168
229	1.525723
230	1.534069
231	1.541382
232	1.547810
233	1.553472
234	1.558473
235	1.562898
236	1.566820
237	1.570303
238	1.573399
239	1.576156
240	1.578613
241	1.580805
242	1.582763
243	1.584514
244	1.586079
245	1.587480
246	1.588735
247	1.589860
248	1.590869
249	1.591774
250	1.592586
251	1.593315
252	1.593969
253	1.594557
254	1.595086
255	1.595561
256	1.595988
257	1.596372
258	1.596717
259	1.597027
260	1.597307
261	1.597558
262	1.597784
263	1.597988
264	1.598171
265	1.598336
266	1.598485
267	1.598618
268	1.598739
269	1.598847
270	1.598944
271	1.599024
272	1.599096
273	1.599159
274	1.599215
275	1.599264
276	1.599307
277	1.599344
278	1.599376
279	1.599404
280	1.599426
281	1.599444
282	1.599458
283	1.599467
284	1.599473
285	1.599475
286	1.599473
287	1.599467
288	1.599458
289	1.599444
290	1.599426
291	1.599404
292	1.599376
293	1.599344
294	1.599307
295	1.599264
296	1.599215
297	1.599159
298	1.599096
299	1.599024
300	1.598944
301	1.598847
302	1.598739
303	1.598618
304	1.598485
305	1.598336
306	1.598171
307	1.597988
308	1.597784
309	1.597558
310	1.597307
311	1.597027
312	1.596717
313	1.596372
314	1.595988
315	1.595561
316	1.595086
317	1.594557
318	1.593969
319	1.593315
320	1.592586
321	1.591774
322	1.590869
323	1.589860
324	1.588735
325	1.587480
326	1.586079
327	1.584514
328	1.582763
329	1.580805
330	1.578613
331	1.576156
332	1.573399
333	1.570303
334	1.566820
335	1.562898
336	1.558473
337	1.553472
338	1.547810
339	1.541382
340	1.534069
341	1.525723
342	1.516168
343	1.505190
344	1.492524
345	1.477848
346	1.460768
347	1.440805
348	1.417388
349	1.389866
350	1.357538
351	1.319739
352	1.275969
353	1.226070
354	1.170397
355	1.109875
356	1.045877
357	0.979898
358	0.913162
359	0.846346
360	0.779546
One-Turn Voltage
