PhaseB
  5 10
  0.0191
  0  -281.515  -12.2548  0.477044  -249.66  
  0.0192
  0  -300.917  -12.9969  0.450032  -270.113  
  0.0193
  0  -319.13  -13.6343  0.42019  -298.417  
  0.0194
  0  -336.084  -14.0714  0.387339  -328.513  
  0.0195
  0  -351.712  -14.451  0.352223  -351.159  
  0.0196
  0  -365.952  -14.7586  0.31572  -365.034  
  0.0197
  0  -378.747  -15.0719  0.278317  -374.027  
  0.0198
  0  -390.048  -15.3471  0.240532  -377.854  
  0.0199
  0  -399.809  -15.7661  0.202994  -375.382  
  0.02
  0  -407.993  -16.0999  0.165323  -376.701  
