PhaseA
  5 10
  0.0191
  0  -134.491  -2.98403  -0.594645  -143.17  
  0.0192
  0  -108.939  -2.03789  -0.606794  -121.485  
  0.0193
  0  -82.9568  -1.02804  -0.617613  -108.197  
  0.0194
  0  -56.6474  0.000999563  -0.627327  -97.1423  
  0.0195
  0  -30.1145  1.08778  -0.635302  -79.747  
  0.0196
  0  -3.46279  2.12875  -0.640751  -54.4923  
  0.0197
  0  23.2026  3.17168  -0.64333  -25.7829  
  0.0198
  0  49.7765  4.20595  -0.64266  6.69668  
  0.0199
  0  76.1539  5.26149  -0.63832  43.4049  
  0.02
  0  102.231  6.2635  -0.630828  74.9195  
