PhaseC
  5 10
  0.0191
  0  416.006  15.2388  0.121844  389.437  
  0.0192
  0  409.855  15.0347  0.16011  382.657  
  0.0193
  0  402.087  14.6623  0.196696  365.855  
  0.0194
  0  392.732  14.0704  0.231224  345.28  
  0.0195
  0  381.827  13.3632  0.264172  329.485  
  0.0196
  0  369.414  12.6298  0.296144  319.717  
  0.0197
  0  355.545  11.9002  0.32733  311.86  
  0.0198
  0  340.271  11.1411  0.357973  306.43  
  0.0199
  0  323.655  10.5046  0.388348  303.753  
  0.02
  0  305.762  9.83639  0.41783  294.82  
