Winding Voltages under Load 
Air-Gap Position (elec. degrees)
Voltage (V)
0	-3.93413
1	6.10281
2	16.1326
3	26.1628
4	36.1934
5	46.2056
6	56.1573
7	65.9903
8	75.6433
9	85.0667
10	94.2317
11	103.131
12	111.776
13	120.188
14	128.391
15	136.41
16	144.267
17	151.981
18	159.568
19	167.039
20	174.404
21	181.669
22	188.841
23	195.922
24	202.917
25	209.827
26	216.653
27	223.395
28	230.054
29	236.63
30	243.121
31	249.526
32	255.844
33	262.072
34	268.21
35	274.253
36	280.198
37	286.044
38	291.785
39	297.417
40	302.935
41	308.334
42	313.606
43	318.744
44	323.739
45	328.58
46	333.254
47	337.745
48	342.034
49	346.098
50	349.912
51	353.448
52	356.676
53	359.572
54	362.122
55	364.33
56	366.219
57	367.838
58	369.243
59	370.489
60	371.616
61	372.637
62	373.55
63	374.345
64	375.016
65	375.581
66	376.078
67	376.562
68	377.091
69	377.712
70	378.451
71	379.31
72	380.278
73	381.329
74	382.436
75	383.571
76	384.709
77	385.829
78	386.913
79	387.946
80	388.917
81	389.815
82	390.633
83	391.365
84	392.004
85	392.547
86	392.991
87	393.332
88	393.569
89	393.699
90	393.722
91	393.637
92	393.443
93	393.141
94	392.73
95	392.213
96	391.589
97	390.862
98	390.032
99	389.104
100	388.08
101	386.966
102	385.766
103	384.487
104	383.137
105	381.726
106	380.266
107	378.771
108	377.26
109	375.754
110	374.279
111	372.862
112	371.53
113	370.309
114	369.212
115	368.235
116	367.352
117	366.517
118	365.672
119	364.762
120	363.747
121	362.614
122	361.365
123	360.011
124	358.555
125	356.983
126	355.256
127	353.32
128	351.115
129	348.597
130	345.741
131	342.542
132	339.016
133	335.187
134	331.084
135	326.736
136	322.167
137	317.402
138	312.459
139	307.353
140	302.098
141	296.705
142	291.184
143	285.541
144	279.783
145	273.918
146	267.949
147	261.881
148	255.718
149	249.464
150	243.121
151	236.692
152	230.18
153	223.587
154	216.913
155	210.162
156	203.332
157	196.426
158	189.442
159	182.38
160	175.24
161	168.02
162	160.715
163	153.324
164	145.839
165	138.254
166	130.561
167	122.746
168	114.794
169	106.687
170	98.4035
171	89.9175
172	81.2043
173	72.2431
174	63.0233
175	53.5517
176	43.8575
177	33.9901
178	24.0109
179	13.9784
180	3.93413
181	-6.10281
182	-16.1326
183	-26.1628
184	-36.1934
185	-46.2056
186	-56.1573
187	-65.9903
188	-75.6433
189	-85.0667
190	-94.2317
191	-103.131
192	-111.776
193	-120.188
194	-128.391
195	-136.41
196	-144.267
197	-151.981
198	-159.568
199	-167.039
200	-174.404
201	-181.669
202	-188.841
203	-195.922
204	-202.917
205	-209.827
206	-216.653
207	-223.395
208	-230.054
209	-236.63
210	-243.121
211	-249.526
212	-255.844
213	-262.072
214	-268.21
215	-274.253
216	-280.198
217	-286.044
218	-291.785
219	-297.417
220	-302.935
221	-308.334
222	-313.606
223	-318.744
224	-323.739
225	-328.58
226	-333.254
227	-337.745
228	-342.034
229	-346.098
230	-349.912
231	-353.448
232	-356.676
233	-359.572
234	-362.122
235	-364.33
236	-366.219
237	-367.838
238	-369.243
239	-370.489
240	-371.616
241	-372.637
242	-373.55
243	-374.345
244	-375.016
245	-375.581
246	-376.078
247	-376.562
248	-377.091
249	-377.712
250	-378.451
251	-379.31
252	-380.278
253	-381.329
254	-382.436
255	-383.571
256	-384.709
257	-385.829
258	-386.913
259	-387.946
260	-388.917
261	-389.815
262	-390.633
263	-391.365
264	-392.004
265	-392.547
266	-392.991
267	-393.332
268	-393.569
269	-393.699
270	-393.722
271	-393.637
272	-393.443
273	-393.141
274	-392.73
275	-392.213
276	-391.589
277	-390.862
278	-390.032
279	-389.104
280	-388.08
281	-386.966
282	-385.766
283	-384.487
284	-383.137
285	-381.726
286	-380.266
287	-378.771
288	-377.26
289	-375.754
290	-374.279
291	-372.862
292	-371.53
293	-370.309
294	-369.212
295	-368.235
296	-367.352
297	-366.517
298	-365.672
299	-364.762
300	-363.747
301	-362.614
302	-361.365
303	-360.011
304	-358.555
305	-356.983
306	-355.256
307	-353.32
308	-351.115
309	-348.597
310	-345.741
311	-342.542
312	-339.016
313	-335.187
314	-331.084
315	-326.736
316	-322.167
317	-317.402
318	-312.459
319	-307.353
320	-302.098
321	-296.705
322	-291.184
323	-285.541
324	-279.783
325	-273.918
326	-267.949
327	-261.881
328	-255.718
329	-249.464
330	-243.121
331	-236.692
332	-230.18
333	-223.587
334	-216.913
335	-210.162
336	-203.332
337	-196.426
338	-189.442
339	-182.38
340	-175.24
341	-168.02
342	-160.715
343	-153.324
344	-145.839
345	-138.254
346	-130.561
347	-122.746
348	-114.794
349	-106.687
350	-98.4035
351	-89.9175
352	-81.2043
353	-72.2431
354	-63.0233
355	-53.5517
356	-43.8575
357	-33.9901
358	-24.0109
359	-13.9784
360	-3.93413
Phase Voltage va
0	367.682
1	378.74
2	389.683
3	400.507
4	411.21
5	421.787
6	432.236
7	442.553
8	452.735
9	462.779
10	472.682
11	482.442
12	492.054
13	501.516
14	510.826
15	519.98
16	528.976
17	537.811
18	546.481
19	554.986
20	563.321
21	571.484
22	579.474
23	587.287
24	594.921
25	602.374
26	609.644
27	616.727
28	623.623
29	630.329
30	636.843
31	643.163
32	649.287
33	655.213
34	660.94
35	666.465
36	671.788
37	676.905
38	681.817
39	686.521
40	691.015
41	695.299
42	699.372
43	703.231
44	706.876
45	710.306
46	713.52
47	716.516
48	719.294
49	721.852
50	724.191
51	726.31
52	728.207
53	729.882
54	731.335
55	732.565
56	733.572
57	734.355
58	734.915
59	735.251
60	735.363
61	735.251
62	734.915
63	734.355
64	733.572
65	732.565
66	731.335
67	729.882
68	728.207
69	726.31
70	724.191
71	721.852
72	719.294
73	716.516
74	713.52
75	710.306
76	706.876
77	703.231
78	699.372
79	695.299
80	691.015
81	686.521
82	681.817
83	676.905
84	671.788
85	666.465
86	660.94
87	655.213
88	649.287
89	643.163
90	636.843
91	630.329
92	623.623
93	616.727
94	609.644
95	602.374
96	594.921
97	587.287
98	579.474
99	571.484
100	563.321
101	554.986
102	546.481
103	537.811
104	528.976
105	519.98
106	510.826
107	501.516
108	492.054
109	482.442
110	472.682
111	462.779
112	452.735
113	442.553
114	432.236
115	421.787
116	411.21
117	400.507
118	389.683
119	378.74
120	367.682
121	356.511
122	345.232
123	333.848
124	322.362
125	310.778
126	299.099
127	287.329
128	275.472
129	263.531
130	251.509
131	239.411
132	227.24
133	214.999
134	202.694
135	190.326
136	177.9
137	165.421
138	152.891
139	140.314
140	127.694
141	115.036
142	102.343
143	89.6182
144	76.8664
145	64.0911
146	51.2963
147	38.4859
148	25.6638
149	12.8339
150	-6.25278e-013
151	-12.8339
152	-25.6638
153	-38.4859
154	-51.2963
155	-64.0911
156	-76.8664
157	-89.6182
158	-102.343
159	-115.036
160	-127.694
161	-140.314
162	-152.891
163	-165.421
164	-177.9
165	-190.326
166	-202.694
167	-214.999
168	-227.24
169	-239.411
170	-251.509
171	-263.531
172	-275.472
173	-287.329
174	-299.099
175	-310.778
176	-322.362
177	-333.848
178	-345.232
179	-356.511
180	-367.682
181	-378.74
182	-389.683
183	-400.507
184	-411.21
185	-421.787
186	-432.236
187	-442.553
188	-452.735
189	-462.779
190	-472.682
191	-482.442
192	-492.054
193	-501.516
194	-510.826
195	-519.98
196	-528.976
197	-537.811
198	-546.481
199	-554.986
200	-563.321
201	-571.484
202	-579.474
203	-587.287
204	-594.921
205	-602.374
206	-609.644
207	-616.727
208	-623.623
209	-630.329
210	-636.843
211	-643.163
212	-649.287
213	-655.213
214	-660.94
215	-666.465
216	-671.788
217	-676.905
218	-681.817
219	-686.521
220	-691.015
221	-695.299
222	-699.372
223	-703.231
224	-706.876
225	-710.306
226	-713.52
227	-716.516
228	-719.294
229	-721.852
230	-724.191
231	-726.31
232	-728.207
233	-729.882
234	-731.335
235	-732.565
236	-733.572
237	-734.355
238	-734.915
239	-735.251
240	-735.363
241	-735.251
242	-734.915
243	-734.355
244	-733.572
245	-732.565
246	-731.335
247	-729.882
248	-728.207
249	-726.31
250	-724.191
251	-721.852
252	-719.294
253	-716.516
254	-713.52
255	-710.306
256	-706.876
257	-703.231
258	-699.372
259	-695.299
260	-691.015
261	-686.521
262	-681.817
263	-676.905
264	-671.788
265	-666.465
266	-660.94
267	-655.213
268	-649.287
269	-643.163
270	-636.843
271	-630.329
272	-623.623
273	-616.727
274	-609.644
275	-602.374
276	-594.921
277	-587.287
278	-579.474
279	-571.484
280	-563.321
281	-554.986
282	-546.481
283	-537.811
284	-528.976
285	-519.98
286	-510.826
287	-501.516
288	-492.054
289	-482.442
290	-472.682
291	-462.779
292	-452.735
293	-442.553
294	-432.236
295	-421.787
296	-411.21
297	-400.507
298	-389.683
299	-378.74
300	-367.682
301	-356.511
302	-345.232
303	-333.848
304	-322.362
305	-310.778
306	-299.099
307	-287.329
308	-275.472
309	-263.531
310	-251.509
311	-239.411
312	-227.24
313	-214.999
314	-202.694
315	-190.326
316	-177.9
317	-165.421
318	-152.891
319	-140.314
320	-127.694
321	-115.036
322	-102.343
323	-89.6182
324	-76.8664
325	-64.0911
326	-51.2963
327	-38.4859
328	-25.6638
329	-12.8339
330	-4.54747e-013
331	12.8339
332	25.6638
333	38.4859
334	51.2963
335	64.0911
336	76.8664
337	89.6182
338	102.343
339	115.036
340	127.694
341	140.314
342	152.891
343	165.421
344	177.9
345	190.326
346	202.694
347	214.999
348	227.24
349	239.411
350	251.509
351	263.531
352	275.472
353	287.329
354	299.099
355	310.778
356	322.362
357	333.848
358	345.232
359	356.511
360	367.682
Line Voltage vab
