Winding Voltages under Load 
Air-Gap Position (elec. degrees)
Voltage (V)
0	-104.977
1	-96.6866
2	-88.2435
3	-79.6261
4	-70.8072
5	-61.7534
6	-52.4226
7	-42.7552
8	-32.7006
9	-22.1774
10	-11.0979
11	0.632588
12	13.1043
13	26.3847
14	40.4934
15	55.3788
16	70.9083
17	86.8853
18	103.093
19	119.35
20	135.554
21	151.68
22	167.757
23	183.818
24	199.848
25	215.753
26	231.353
27	246.434
28	260.795
29	274.297
30	286.881
31	298.558
32	309.395
33	319.479
34	328.906
35	337.765
36	346.128
37	354.075
38	361.651
39	368.899
40	375.853
41	382.543
42	388.99
43	395.203
44	401.214
45	407.028
46	412.662
47	418.105
48	423.371
49	428.464
50	433.386
51	438.137
52	442.718
53	447.125
54	451.355
55	455.404
56	459.265
57	462.941
58	466.405
59	469.651
60	472.658
61	475.427
62	477.927
63	480.134
64	482.017
65	483.54
66	484.658
67	485.308
68	485.435
69	484.956
70	483.78
71	481.809
72	478.95
73	475.132
74	470.333
75	464.602
76	458.068
77	450.925
78	443.388
79	435.635
80	427.766
81	419.805
82	411.717
83	403.469
84	395.073
85	386.621
86	378.291
87	370.294
88	362.828
89	356.032
90	349.962
91	344.604
92	339.892
93	335.734
94	332.034
95	328.7
96	325.659
97	322.83
98	320.166
99	317.622
100	315.162
101	312.756
102	310.382
103	308.029
104	305.662
105	303.278
106	300.858
107	298.411
108	295.922
109	293.388
110	290.805
111	288.172
112	285.489
113	282.757
114	279.98
115	277.161
116	274.306
117	271.414
118	268.51
119	265.6
120	262.705
121	259.824
122	256.988
123	254.222
124	251.554
125	249.024
126	246.676
127	244.574
128	242.771
129	241.353
130	240.411
131	240.043
132	240.344
133	241.384
134	243.187
135	245.705
136	248.809
137	252.306
138	255.984
139	259.664
140	263.249
141	266.716
142	270.1
143	273.437
144	276.715
145	279.844
146	282.649
147	284.92
148	286.459
149	287.132
150	286.881
151	285.725
152	283.731
153	280.994
154	277.61
155	273.674
156	269.262
157	264.457
158	259.308
159	253.863
160	248.159
161	242.229
162	236.099
163	229.782
164	223.314
165	216.702
166	209.969
167	203.106
168	196.132
169	189.054
170	181.878
171	174.607
172	167.246
173	159.796
174	152.256
175	144.626
176	136.904
177	129.094
178	121.173
179	113.141
180	104.977
181	96.687
182	88.244
183	79.6265
184	70.8077
185	61.7538
186	52.4231
187	42.7556
188	32.701
189	22.1778
190	11.0983
191	-0.632217
192	-13.104
193	-26.3844
194	-40.4931
195	-55.3785
196	-70.9081
197	-86.8851
198	-103.093
199	-119.35
200	-135.554
201	-151.68
202	-167.757
203	-183.819
204	-199.848
205	-215.753
206	-231.353
207	-246.434
208	-260.796
209	-274.298
210	-286.881
211	-298.559
212	-309.395
213	-319.479
214	-328.906
215	-337.765
216	-346.129
217	-354.075
218	-361.651
219	-368.899
220	-375.854
221	-382.543
222	-388.99
223	-395.203
224	-401.214
225	-407.028
226	-412.662
227	-418.105
228	-423.372
229	-428.465
230	-433.387
231	-438.138
232	-442.718
233	-447.125
234	-451.355
235	-455.404
236	-459.266
237	-462.942
238	-466.405
239	-469.652
240	-472.659
241	-475.427
242	-477.927
243	-480.134
244	-482.017
245	-483.541
246	-484.659
247	-485.308
248	-485.436
249	-484.957
250	-483.781
251	-481.809
252	-478.95
253	-475.132
254	-470.333
255	-464.602
256	-458.068
257	-450.925
258	-443.388
259	-435.635
260	-427.766
261	-419.805
262	-411.717
263	-403.469
264	-395.073
265	-386.621
266	-378.291
267	-370.294
268	-362.828
269	-356.032
270	-349.962
271	-344.604
272	-339.892
273	-335.734
274	-332.034
275	-328.7
276	-325.659
277	-322.83
278	-320.166
279	-317.622
280	-315.162
281	-312.756
282	-310.382
283	-308.028
284	-305.662
285	-303.278
286	-300.858
287	-298.411
288	-295.922
289	-293.388
290	-290.805
291	-288.172
292	-285.489
293	-282.757
294	-279.98
295	-277.161
296	-274.306
297	-271.414
298	-268.51
299	-265.6
300	-262.705
301	-259.824
302	-256.988
303	-254.222
304	-251.555
305	-249.024
306	-246.676
307	-244.574
308	-242.771
309	-241.353
310	-240.411
311	-240.043
312	-240.344
313	-241.384
314	-243.187
315	-245.705
316	-248.809
317	-252.306
318	-255.984
319	-259.664
320	-263.249
321	-266.716
322	-270.1
323	-273.437
324	-276.715
325	-279.844
326	-282.649
327	-284.92
328	-286.459
329	-287.131
330	-286.881
331	-285.725
332	-283.731
333	-280.993
334	-277.61
335	-273.674
336	-269.262
337	-264.457
338	-259.308
339	-253.863
340	-248.159
341	-242.229
342	-236.099
343	-229.782
344	-223.314
345	-216.702
346	-209.968
347	-203.105
348	-196.132
349	-189.054
350	-181.877
351	-174.607
352	-167.246
353	-159.795
354	-152.256
355	-144.626
356	-136.904
357	-129.094
358	-121.173
359	-113.14
360	-104.977
Phase Voltage va
0	367.682
1	378.74
2	389.683
3	400.507
4	411.21
5	421.787
6	432.236
7	442.553
8	452.735
9	462.779
10	472.682
11	482.442
12	492.054
13	501.516
14	510.826
15	519.98
16	528.976
17	537.811
18	546.481
19	554.986
20	563.321
21	571.484
22	579.474
23	587.287
24	594.921
25	602.374
26	609.644
27	616.727
28	623.623
29	630.329
30	636.843
31	643.163
32	649.287
33	655.213
34	660.94
35	666.465
36	671.788
37	676.905
38	681.817
39	686.521
40	691.015
41	695.299
42	699.372
43	703.231
44	706.876
45	710.306
46	713.52
47	716.516
48	719.294
49	721.852
50	724.191
51	726.31
52	728.207
53	729.882
54	731.335
55	732.565
56	733.572
57	734.355
58	734.915
59	735.251
60	735.363
61	735.251
62	734.915
63	734.355
64	733.572
65	732.565
66	731.335
67	729.882
68	728.207
69	726.31
70	724.191
71	721.852
72	719.294
73	716.516
74	713.52
75	710.306
76	706.876
77	703.231
78	699.372
79	695.299
80	691.015
81	686.521
82	681.817
83	676.905
84	671.788
85	666.465
86	660.94
87	655.213
88	649.287
89	643.163
90	636.843
91	630.329
92	623.623
93	616.727
94	609.644
95	602.374
96	594.921
97	587.287
98	579.474
99	571.484
100	563.321
101	554.986
102	546.481
103	537.811
104	528.976
105	519.98
106	510.826
107	501.516
108	492.054
109	482.442
110	472.682
111	462.779
112	452.735
113	442.553
114	432.236
115	421.787
116	411.21
117	400.507
118	389.683
119	378.74
120	367.682
121	356.511
122	345.232
123	333.848
124	322.362
125	310.778
126	299.099
127	287.329
128	275.472
129	263.531
130	251.509
131	239.411
132	227.24
133	214.999
134	202.694
135	190.326
136	177.9
137	165.421
138	152.891
139	140.314
140	127.694
141	115.036
142	102.343
143	89.6182
144	76.8664
145	64.0911
146	51.2963
147	38.4859
148	25.6638
149	12.8339
150	-2.72848e-012
151	-12.8339
152	-25.6638
153	-38.4859
154	-51.2963
155	-64.0911
156	-76.8664
157	-89.6182
158	-102.343
159	-115.036
160	-127.694
161	-140.314
162	-152.891
163	-165.421
164	-177.9
165	-190.326
166	-202.694
167	-214.999
168	-227.24
169	-239.411
170	-251.509
171	-263.531
172	-275.472
173	-287.329
174	-299.099
175	-310.778
176	-322.362
177	-333.848
178	-345.232
179	-356.511
180	-367.682
181	-378.74
182	-389.683
183	-400.507
184	-411.21
185	-421.787
186	-432.236
187	-442.553
188	-452.735
189	-462.779
190	-472.682
191	-482.442
192	-492.054
193	-501.516
194	-510.826
195	-519.98
196	-528.976
197	-537.811
198	-546.481
199	-554.986
200	-563.321
201	-571.484
202	-579.474
203	-587.287
204	-594.921
205	-602.374
206	-609.644
207	-616.727
208	-623.623
209	-630.329
210	-636.843
211	-643.163
212	-649.287
213	-655.213
214	-660.94
215	-666.465
216	-671.788
217	-676.905
218	-681.817
219	-686.521
220	-691.015
221	-695.299
222	-699.372
223	-703.231
224	-706.876
225	-710.306
226	-713.52
227	-716.516
228	-719.294
229	-721.852
230	-724.191
231	-726.31
232	-728.207
233	-729.882
234	-731.335
235	-732.565
236	-733.572
237	-734.355
238	-734.915
239	-735.251
240	-735.363
241	-735.251
242	-734.915
243	-734.355
244	-733.572
245	-732.565
246	-731.335
247	-729.882
248	-728.207
249	-726.31
250	-724.191
251	-721.852
252	-719.294
253	-716.516
254	-713.52
255	-710.306
256	-706.876
257	-703.231
258	-699.372
259	-695.299
260	-691.015
261	-686.521
262	-681.817
263	-676.905
264	-671.788
265	-666.465
266	-660.94
267	-655.213
268	-649.287
269	-643.163
270	-636.843
271	-630.329
272	-623.623
273	-616.727
274	-609.644
275	-602.374
276	-594.921
277	-587.287
278	-579.474
279	-571.484
280	-563.321
281	-554.986
282	-546.481
283	-537.811
284	-528.976
285	-519.98
286	-510.826
287	-501.516
288	-492.054
289	-482.442
290	-472.682
291	-462.779
292	-452.735
293	-442.553
294	-432.236
295	-421.787
296	-411.21
297	-400.507
298	-389.683
299	-378.74
300	-367.682
301	-356.511
302	-345.232
303	-333.848
304	-322.362
305	-310.778
306	-299.099
307	-287.329
308	-275.472
309	-263.531
310	-251.509
311	-239.411
312	-227.24
313	-214.999
314	-202.694
315	-190.326
316	-177.9
317	-165.421
318	-152.891
319	-140.314
320	-127.694
321	-115.036
322	-102.343
323	-89.6182
324	-76.8664
325	-64.0911
326	-51.2963
327	-38.4859
328	-25.6638
329	-12.8339
330	3.97904e-012
331	12.8339
332	25.6638
333	38.4859
334	51.2963
335	64.0911
336	76.8664
337	89.6182
338	102.343
339	115.036
340	127.694
341	140.314
342	152.891
343	165.421
344	177.9
345	190.326
346	202.694
347	214.999
348	227.24
349	239.411
350	251.509
351	263.531
352	275.472
353	287.329
354	299.099
355	310.778
356	322.362
357	333.848
358	345.232
359	356.511
360	367.682
Line Voltage vab
