Induced Winding Voltages at Rated Speed
Air-Gap Position (elec. degrees)
Voltage (V)
0	-736.248765
1	-711.769520
2	-688.946365
3	-667.841303
4	-648.307224
5	-630.047633
6	-612.679239
7	-595.777051
8	-578.897305
9	-561.582258
10	-543.353536
11	-523.700739
12	-502.072177
13	-477.876111
14	-450.503509
15	-419.384899
16	-384.089355
17	-344.456583
18	-300.721732
19	-253.562029
20	-203.998581
21	-153.151029
22	-101.937989
23	-50.865182
24	0.000000
25	50.865182
26	101.937989
27	153.151029
28	203.998581
29	253.562029
30	300.721732
31	344.456583
32	384.089355
33	419.384899
34	450.503509
35	477.876111
36	502.072177
37	523.700739
38	543.353536
39	561.582258
40	578.897305
41	595.777051
42	612.679239
43	630.047633
44	648.307224
45	667.841303
46	688.946365
47	711.769520
48	736.248765
49	762.091745
50	788.826457
51	815.925181
52	842.955227
53	869.685634
54	896.100469
55	922.317617
56	948.451599
57	974.476285
58	1000.143367
59	1024.995113
60	1048.470242
61	1070.053550
62	1089.398301
63	1106.374915
64	1121.047062
65	1133.608453
66	1144.315730
67	1153.437568
68	1161.224488
69	1167.895332
70	1173.634271
71	1178.593228
72	1182.896428
73	1186.645288
74	1189.922839
75	1192.797433
76	1195.325708
77	1197.554928
78	1199.524804
79	1201.268917
80	1202.815833
81	1204.189982
82	1205.412357
83	1206.501080
84	1207.471848
85	1208.335387
86	1209.106498
87	1209.795569
88	1210.411702
89	1210.962897
90	1211.456199
91	1211.897820
92	1212.293250
93	1212.647345
94	1212.964407
95	1213.248250
96	1213.502258
97	1213.729434
98	1213.932446
99	1214.113660
100	1214.275178
101	1214.418862
102	1214.546360
103	1214.659131
104	1214.758456
105	1214.845463
106	1214.921137
107	1214.986330
108	1215.041776
109	1215.088099
110	1215.125816
111	1215.155351
112	1215.177034
113	1215.191106
114	1215.197724
115	1215.191106
116	1215.177034
117	1215.155351
118	1215.125816
119	1215.088099
120	1215.041776
121	1214.986330
122	1214.921137
123	1214.845463
124	1214.758456
125	1214.659131
126	1214.546360
127	1214.418862
128	1214.275178
129	1214.113660
130	1213.932446
131	1213.729434
132	1213.502258
133	1213.248250
134	1212.964407
135	1212.647345
136	1212.293250
137	1211.897820
138	1211.456199
139	1210.962897
140	1210.411702
141	1209.795569
142	1209.106498
143	1208.335387
144	1207.471848
145	1206.501080
146	1205.412357
147	1204.189982
148	1202.815833
149	1201.268917
150	1199.524804
151	1197.554928
152	1195.325708
153	1192.797433
154	1189.922839
155	1186.645288
156	1182.896428
157	1178.593228
158	1173.634271
159	1167.895332
160	1161.224488
161	1153.437568
162	1144.315730
163	1133.608453
164	1121.047062
165	1106.374915
166	1089.398301
167	1070.053550
168	1048.470242
169	1024.995113
170	1000.143367
171	974.476285
172	948.451599
173	922.317617
174	896.100469
175	869.685634
176	842.955227
177	815.925181
178	788.826457
179	762.091745
180	736.248765
181	711.769520
182	688.946365
183	667.841303
184	648.307224
185	630.047633
186	612.679239
187	595.777051
188	578.897305
189	561.582258
190	543.353536
191	523.700739
192	502.072177
193	477.876111
194	450.503509
195	419.384899
196	384.089355
197	344.456583
198	300.721732
199	253.562029
200	203.998581
201	153.151029
202	101.937989
203	50.865182
204	0.000000
205	-50.865182
206	-101.937989
207	-153.151029
208	-203.998581
209	-253.562029
210	-300.721732
211	-344.456583
212	-384.089355
213	-419.384899
214	-450.503509
215	-477.876111
216	-502.072177
217	-523.700739
218	-543.353536
219	-561.582258
220	-578.897305
221	-595.777051
222	-612.679239
223	-630.047633
224	-648.307224
225	-667.841303
226	-688.946365
227	-711.769520
228	-736.248765
229	-762.091745
230	-788.826457
231	-815.925181
232	-842.955227
233	-869.685634
234	-896.100469
235	-922.317617
236	-948.451599
237	-974.476285
238	-1000.143367
239	-1024.995113
240	-1048.470242
241	-1070.053550
242	-1089.398301
243	-1106.374915
244	-1121.047062
245	-1133.608453
246	-1144.315730
247	-1153.437568
248	-1161.224488
249	-1167.895332
250	-1173.634271
251	-1178.593228
252	-1182.896428
253	-1186.645288
254	-1189.922839
255	-1192.797433
256	-1195.325708
257	-1197.554928
258	-1199.524804
259	-1201.268917
260	-1202.815833
261	-1204.189982
262	-1205.412357
263	-1206.501080
264	-1207.471848
265	-1208.335387
266	-1209.106498
267	-1209.795569
268	-1210.411702
269	-1210.962897
270	-1211.456199
271	-1211.897820
272	-1212.293250
273	-1212.647345
274	-1212.964407
275	-1213.248250
276	-1213.502258
277	-1213.729434
278	-1213.932446
279	-1214.113660
280	-1214.275178
281	-1214.418862
282	-1214.546360
283	-1214.659131
284	-1214.758456
285	-1214.845463
286	-1214.921137
287	-1214.986330
288	-1215.041776
289	-1215.088099
290	-1215.125816
291	-1215.155351
292	-1215.177034
293	-1215.191106
294	-1215.197724
295	-1215.191106
296	-1215.177034
297	-1215.155351
298	-1215.125816
299	-1215.088099
300	-1215.041776
301	-1214.986330
302	-1214.921137
303	-1214.845463
304	-1214.758456
305	-1214.659131
306	-1214.546360
307	-1214.418862
308	-1214.275178
309	-1214.113660
310	-1213.932446
311	-1213.729434
312	-1213.502258
313	-1213.248250
314	-1212.964407
315	-1212.647345
316	-1212.293250
317	-1211.897820
318	-1211.456199
319	-1210.962897
320	-1210.411702
321	-1209.795569
322	-1209.106498
323	-1208.335387
324	-1207.471848
325	-1206.501080
326	-1205.412357
327	-1204.189982
328	-1202.815833
329	-1201.268917
330	-1199.524804
331	-1197.554928
332	-1195.325708
333	-1192.797433
334	-1189.922839
335	-1186.645288
336	-1182.896428
337	-1178.593228
338	-1173.634271
339	-1167.895332
340	-1161.224488
341	-1153.437568
342	-1144.315730
343	-1133.608453
344	-1121.047062
345	-1106.374915
346	-1089.398301
347	-1070.053550
348	-1048.470242
349	-1024.995113
350	-1000.143367
351	-974.476285
352	-948.451599
353	-922.317617
354	-896.100469
355	-869.685634
356	-842.955227
357	-815.925181
358	-788.826457
359	-762.091745
360	-736.248765
Phase Voltage ea
0	312.221477
1	358.284030
2	400.451936
3	438.533612
4	472.739838
5	503.560821
6	531.636491
7	557.660516
8	582.327182
9	606.313074
10	630.280735
11	654.892489
12	680.824251
13	708.769177
14	739.419330
15	773.412534
16	811.236353
17	853.098346
18	898.803072
19	947.706888
20	998.817252
21	1051.038953
22	1103.474369
23	1155.635898
24	1207.471848
25	1259.200568
26	1311.044487
27	1362.946597
28	1414.410282
29	1464.524926
30	1512.177931
31	1556.354403
32	1596.382606
33	1632.032244
34	1663.467916
35	1691.124361
36	1715.574435
37	1737.430173
38	1757.285981
39	1775.695918
40	1793.172483
41	1810.195913
42	1827.225599
43	1844.706763
44	1863.065680
45	1882.686766
46	1903.867502
47	1926.755850
48	1951.290542
49	1977.179844
50	2003.952274
51	2031.080532
52	2058.132261
53	2084.876740
54	2111.298193
55	2137.508723
56	2163.628633
57	2189.631636
58	2215.269183
59	2240.083211
60	2263.512019
61	2285.039880
62	2304.319438
63	2321.220379
64	2335.805518
65	2348.267584
66	2358.862090
67	2367.856429
68	2375.499666
69	2382.008992
70	2387.566716
71	2392.322662
72	2396.398686
73	2399.893538
74	2402.887246
75	2405.444778
76	2407.618958
77	2409.452749
78	2410.981003
79	2412.231814
80	2413.227535
81	2413.985550
82	2414.518856
83	2414.836466
84	2414.943697
85	2414.836466
86	2414.518856
87	2413.985550
88	2413.227535
89	2412.231814
90	2410.981003
91	2409.452749
92	2407.618958
93	2405.444778
94	2402.887246
95	2399.893538
96	2396.398686
97	2392.322662
98	2387.566716
99	2382.008992
100	2375.499666
101	2367.856429
102	2358.862090
103	2348.267584
104	2335.805518
105	2321.220379
106	2304.319438
107	2285.039880
108	2263.512019
109	2240.083211
110	2215.269183
111	2189.631636
112	2163.628633
113	2137.508723
114	2111.298193
115	2084.876740
116	2058.132261
117	2031.080532
118	2003.952274
119	1977.179844
120	1951.290542
121	1926.755850
122	1903.867502
123	1882.686766
124	1863.065680
125	1844.706763
126	1827.225599
127	1810.195913
128	1793.172483
129	1775.695918
130	1757.285981
131	1737.430173
132	1715.574435
133	1691.124361
134	1663.467916
135	1632.032244
136	1596.382606
137	1556.354403
138	1512.177931
139	1464.524926
140	1414.410282
141	1362.946597
142	1311.044487
143	1259.200568
144	1207.471848
145	1155.635898
146	1103.474369
147	1051.038953
148	998.817252
149	947.706888
150	898.803072
151	853.098346
152	811.236353
153	773.412534
154	739.419330
155	708.769177
156	680.824251
157	654.892489
158	630.280735
159	606.313074
160	582.327182
161	557.660516
162	531.636491
163	503.560821
164	472.739838
165	438.533612
166	400.451936
167	358.284030
168	312.221477
169	262.903368
170	211.316909
171	158.551104
172	105.496372
173	52.631983
174	0.000000
175	-52.631983
176	-105.496372
177	-158.551104
178	-211.316909
179	-262.903368
180	-312.221477
181	-358.284030
182	-400.451936
183	-438.533612
184	-472.739838
185	-503.560821
186	-531.636491
187	-557.660516
188	-582.327182
189	-606.313074
190	-630.280735
191	-654.892489
192	-680.824251
193	-708.769177
194	-739.419330
195	-773.412534
196	-811.236353
197	-853.098346
198	-898.803072
199	-947.706888
200	-998.817252
201	-1051.038953
202	-1103.474369
203	-1155.635898
204	-1207.471848
205	-1259.200568
206	-1311.044487
207	-1362.946597
208	-1414.410282
209	-1464.524926
210	-1512.177931
211	-1556.354403
212	-1596.382606
213	-1632.032244
214	-1663.467916
215	-1691.124361
216	-1715.574435
217	-1737.430173
218	-1757.285981
219	-1775.695918
220	-1793.172483
221	-1810.195913
222	-1827.225599
223	-1844.706763
224	-1863.065680
225	-1882.686766
226	-1903.867502
227	-1926.755850
228	-1951.290542
229	-1977.179844
230	-2003.952274
231	-2031.080532
232	-2058.132261
233	-2084.876740
234	-2111.298193
235	-2137.508723
236	-2163.628633
237	-2189.631636
238	-2215.269183
239	-2240.083211
240	-2263.512019
241	-2285.039880
242	-2304.319438
243	-2321.220379
244	-2335.805518
245	-2348.267584
246	-2358.862090
247	-2367.856429
248	-2375.499666
249	-2382.008992
250	-2387.566716
251	-2392.322662
252	-2396.398686
253	-2399.893538
254	-2402.887246
255	-2405.444778
256	-2407.618958
257	-2409.452749
258	-2410.981003
259	-2412.231814
260	-2413.227535
261	-2413.985550
262	-2414.518856
263	-2414.836466
264	-2414.943697
265	-2414.836466
266	-2414.518856
267	-2413.985550
268	-2413.227535
269	-2412.231814
270	-2410.981003
271	-2409.452749
272	-2407.618958
273	-2405.444778
274	-2402.887246
275	-2399.893538
276	-2396.398686
277	-2392.322662
278	-2387.566716
279	-2382.008992
280	-2375.499666
281	-2367.856429
282	-2358.862090
283	-2348.267584
284	-2335.805518
285	-2321.220379
286	-2304.319438
287	-2285.039880
288	-2263.512019
289	-2240.083211
290	-2215.269183
291	-2189.631636
292	-2163.628633
293	-2137.508723
294	-2111.298193
295	-2084.876740
296	-2058.132261
297	-2031.080532
298	-2003.952274
299	-1977.179844
300	-1951.290542
301	-1926.755850
302	-1903.867502
303	-1882.686766
304	-1863.065680
305	-1844.706763
306	-1827.225599
307	-1810.195913
308	-1793.172483
309	-1775.695918
310	-1757.285981
311	-1737.430173
312	-1715.574435
313	-1691.124361
314	-1663.467916
315	-1632.032244
316	-1596.382606
317	-1556.354403
318	-1512.177931
319	-1464.524926
320	-1414.410282
321	-1362.946597
322	-1311.044487
323	-1259.200568
324	-1207.471848
325	-1155.635898
326	-1103.474369
327	-1051.038953
328	-998.817252
329	-947.706888
330	-898.803072
331	-853.098346
332	-811.236353
333	-773.412534
334	-739.419330
335	-708.769177
336	-680.824251
337	-654.892489
338	-630.280735
339	-606.313074
340	-582.327182
341	-557.660516
342	-531.636491
343	-503.560821
344	-472.739838
345	-438.533612
346	-400.451936
347	-358.284030
348	-312.221477
349	-262.903368
350	-211.316909
351	-158.551104
352	-105.496372
353	-52.631983
354	0.000000
355	52.631983
356	105.496372
357	158.551104
358	211.316909
359	262.903368
360	312.221477
Line Voltage eab
