PhaseA
  5 10
  0.01337
  0  175.995  26.0199  0.222335  133.783  
  0.01344
  0  168.018  24.8525  0.231305  128.144  
  0.01351
  0  159.716  23.5407  0.239878  122.466  
  0.01358
  0  151.106  22.1269  0.248041  116.625  
  0.01365
  0  142.203  20.6839  0.255775  110.484  
  0.01372
  0  133.024  19.3006  0.263047  103.889  
  0.01379
  0  123.589  17.9154  0.269843  97.0744  
  0.01386
  0  113.915  16.6319  0.276126  89.7553  
  0.01393
  0  104.02  15.472  0.281863  81.9682  
  0.014
  0  93.9239  14.3953  0.287033  73.8493  
