PhaseC
  5 10
  0.01337
  0  -241.764  -26.7937  0.0714912  -191.47  
  0.01344
  0  -244.329  -27.622  0.0579954  -192.797  
  0.01351
  0  -246.42  -28.3895  0.0444302  -193.788  
  0.01358
  0  -248.036  -29.0462  0.0308126  -194.538  
  0.01365
  0  -249.171  -29.6154  0.017166  -194.951  
  0.01372
  0  -249.824  -30.1715  0.0035262  -194.854  
  0.01379
  0  -249.995  -30.6335  -0.0100889  -194.501  
  0.01386
  0  -249.681  -31.0388  -0.0236507  -193.741  
  0.01393
  0  -248.885  -31.3315  -0.0371425  -192.739  
  0.014
  0  -247.608  -31.5493  -0.0505379  -191.363  
