PhaseB
  5 10
  0.01337
  0  65.7692  7.94987  -0.298239  45.1934  
  0.01344
  0  76.3104  9.19508  -0.294486  53.6209  
  0.01351
  0  86.704  10.1626  -0.290107  62.5467  
  0.01358
  0  96.93  10.9456  -0.285097  71.5808  
  0.01365
  0  106.968  11.6717  -0.279465  80.4488  
  0.01372
  0  116.8  12.3147  -0.273215  89.2878  
  0.01379
  0  126.406  12.9265  -0.26636  97.9299  
  0.01386
  0  135.767  13.5871  -0.258927  106.192  
  0.01393
  0  144.865  14.3367  -0.250946  114.011  
  0.014
  0  153.684  15.3049  -0.242471  121.074  
