PhaseB
  5 10
  0.0211
  0  -308.41  -0.00177753  -0.16475  381.43  
  0.0212
  0  -279.659  -0.00175026  -0.124944  398.055  
  0.0213
  0  -248.426  -0.0016998  -0.0841325  408.118  
  0.0214
  0  -214.988  -0.00164751  -0.0421521  419.804  
  0.0215
  0  -179.641  -0.00156464  -7.18931e-006  421.45  
  0.0216
  0  -142.701  -0.00147305  0.0421325  421.397  
  0.0217
  0  -104.493  -0.00137318  0.0840831  419.506  
  0.0218
  0  -65.3581  -0.00124909  0.124996  409.127  
  0.0219
  0  -25.643  -0.00111838  0.164684  396.886  
  0.022
  0  14.2996  -0.000980789  0.202917  382.329  
