PhaseA
  5 10
  0.0211
  0  406.186  0.00105546  0.414023  -17.5407  
  0.0212
  0  415.828  0.00120458  0.407515  -65.0763  
  0.0213
  0  421.779  0.00137373  0.395096  -124.188  
  0.0214
  0  423.986  0.00151088  0.37766  -174.361  
  0.0215
  0  422.43  0.00156396  0.358157  -195.034  
  0.0216
  0  417.124  0.00161795  0.336174  -219.831  
  0.0217
  0  408.116  0.00172788  0.309125  -270.483  
  0.0218
  0  395.485  0.0018415  0.276499  -326.265  
  0.0219
  0  379.344  0.00189959  0.240134  -363.646  
  0.022
  0  359.836  0.00187659  0.202895  -372.391  
