PhaseC
  5 10
  0.0211
  0  -97.7766  0.000733121  -0.239741  -368.261  
  0.0212
  0  -136.169  0.000633438  -0.276511  -367.695  
  0.0213
  0  -173.353  0.000426403  -0.308873  -323.621  
  0.0214
  0  -208.998  0.000202768  -0.336034  -271.604  
  0.0215
  0  -242.788  -1.16582e-005  -0.358187  -221.532  
  0.0216
  0  -274.423  -0.000172104  -0.377268  -190.808  
  0.0217
  0  -303.623  -0.000284819  -0.394934  -176.668  
  0.0218
  0  -330.127  -0.000493039  -0.407152  -122.177  
  0.0219
  0  -353.701  -0.000686971  -0.414204  -70.5233  
  0.022
  0  -374.136  -0.000881132  -0.415778  -15.7408  
