strandCurrent
  3 10
  0.0211
  0.00105546  -0.00177753  0.000733121  
  0.0212
  0.00120458  -0.00175026  0.000633438  
  0.0213
  0.00137373  -0.0016998  0.000426403  
  0.0214
  0.00151088  -0.00164751  0.000202768  
  0.0215
  0.00156396  -0.00156464  -1.16582e-005  
  0.0216
  0.00161795  -0.00147305  -0.000172104  
  0.0217
  0.00172788  -0.00137318  -0.000284819  
  0.0218
  0.0018415  -0.00124909  -0.000493039  
  0.0219
  0.00189959  -0.00111838  -0.000686971  
  0.022
  0.00187659  -0.000980789  -0.000881132  
